3	6	67
1	6	71
1	1	83
3	4	76
1	3	63
0	9	53
6	3	69
1	10	117
2	4	37
3	3	45
0	7	79
0	5	89
2	2	39
0	7	151
4	3	70
0	4	50
4	0	35
2	7	61
0	1	46
0	1	53
0	1	51
1	4	66
4	4	63
4	4	57
1	8	53
5	3	58
7	8	108
1	6	60
5	5	56
1	4	54
3	3	89
0	6	68
0	1	59
5	4	80
2	3	47
4	4	55
2	4	69
0	3	81
1	2	51
0	2	75
0	6	51
2	4	54
4	2	73
2	10	69
4	7	75
4	2	23
1	1	65
4	3	79
0	3	78
1	2	62
1	5	86
0	2	57
5	5	66
1	1	48
2	8	68
1	4	108
4	3	34
0	3	104
3	5	58
0	5	38
3	8	53
2	4	47
1	2	55
1	4	95
0	3	62
2	5	83
0	5	77
0	4	46
2	3	59
4	5	51
2	5	92
2	2	53
2	0	57
3	6	66
1	3	54
3	4	73
1	2	37
2	4	96
1	6	101
3	4	70
5	3	47
0	2	69
4	3	58
0	1	54
2	3	59
5	3	70
0	6	75
1	6	71
1	7	74
2	3	51
1	3	68
1	5	60
3	5	100
3	3	27
7	4	57
1	2	98
4	1	39
3	3	63
1	9	99
2	6	99
3	7	77
4	4	46
1	7	57
4	3	56
5	5	50
3	3	64
0	5	99
2	2	59
1	4	95
1	5	70
0	2	68
4	2	52
2	2	56
0	5	44
7	1	50
1	4	76
6	1	35
3	0	30
0	3	74
2	2	57
2	3	71
0	2	54
1	4	61
3	2	79
0	2	55
0	0	44
2	0	46
1	5	91
1	2	61
0	6	75
3	6	47
3	3	51
5	2	51
0	1	76
7	1	60
4	5	49
2	4	67
0	4	74
4	3	68
1	5	89
2	3	59
0	6	98
2	4	119
4	2	56
4	2	40
1	4	85
1	4	99
7	2	52
2	11	99
5	1	48
3	3	63
2	2	67
0	3	70
3	2	35
1	3	52
4	2	55
1	4	85
2	1	74
1	3	74
2	7	81
2	7	86
4	4	52
0	2	53
1	4	40
1	3	64
1	2	61
1	4	71
3	4	55
0	5	51
2	8	73
3	6	63
3	5	71
0	2	43
1	5	67
0	2	46
3	2	55
3	4	74
0	4	79
6	3	36
3	2	69
6	5	30
2	4	52
0	3	58
2	5	68
8	8	59
4	3	47
0	4	52
1	2	62
3	5	82
2	1	38
1	2	38
6	4	76
1	6	103
3	1	55
2	7	71
3	3	82
4	5	70
1	3	43
2	2	33
0	3	57
2	4	67
2	2	116
2	0	49
2	6	42
2	5	85
0	4	25
0	3	90
0	1	60
1	0	55
1	3	58
9	3	63
1	3	74
3	4	55
3	5	86
1	4	70
3	3	98
4	2	50
2	2	65
1	3	79
2	7	103
2	1	70
1	1	38
3	3	43
1	2	59
2	6	42
0	9	62
0	0	45
3	5	45
6	4	50
2	1	53
7	1	39
1	5	63
1	1	74
0	0	73
1	2	80
0	3	51
2	1	52
1	7	89
1	3	88
3	1	74
1	2	57
1	0	45
1	4	60
0	1	55
0	6	88
0	2	93
2	3	65
3	4	73
4	3	63
2	2	44
3	5	78
2	9	90
3	3	66
0	6	72
3	3	67
3	2	28
0	4	69
2	2	74
4	3	63
5	6	94
0	4	52
3	4	92
2	1	41
3	8	103
4	6	61
1	5	74
1	2	68
0	3	56
4	3	82
1	5	98
3	3	58
4	3	40
3	3	57
3	5	69
2	0	42
3	4	76
3	5	59
0	4	72
1	2	53
2	6	62
0	2	72
2	3	65
4	2	44
1	3	110
1	5	93
2	2	80
1	13	101
1	3	73
0	7	76
5	5	81
1	2	58
2	7	87
0	2	38
6	4	90
2	5	54
3	1	53
3	4	86
2	3	41
3	3	47
2	2	47
4	5	49
1	5	93
3	1	78
6	3	86
1	5	55
1	4	84
2	0	50
1	4	44
1	6	69
3	1	60
2	2	53
1	5	75
2	5	74
1	1	60
4	6	73
3	5	60
1	4	106
3	3	53
4	8	77
1	4	49
0	3	90
3	5	109
1	3	54
3	5	117
3	5	31
1	3	69
0	3	69
2	4	100
0	0	51
1	10	111
1	6	73
0	0	87
3	5	93
1	2	76
2	5	66
1	4	47
3	0	21
0	1	63
2	6	70
1	3	94
1	10	101
1	6	77
2	4	78
4	0	28
0	10	113
0	1	33
3	1	93
5	2	37
0	6	67
0	6	121
2	0	59
4	0	41
5	4	69
1	1	38
0	3	40
0	3	97
3	4	33
1	3	78
3	5	44
4	4	76
5	6	74
1	3	67
2	7	50
0	1	63
2	3	65
2	3	64
2	5	94
1	3	72
2	2	74
4	1	37
1	1	17
3	4	69
5	4	48
2	5	104
6	0	47
0	2	57
0	3	76
0	3	69
4	4	57
5	3	35
1	0	78
1	1	85
0	4	62
1	2	74
0	7	64
1	2	69
2	4	33
2	2	62
4	4	52
0	3	55
2	4	48
1	2	53
0	1	41
1	2	33
3	5	72
1	4	111
1	2	45
3	1	49
2	5	53
1	2	60
2	6	62
2	0	107
1	2	57
2	4	43
1	6	56
4	2	40
2	4	57
7	4	138
1	7	113
7	3	60
5	2	48
0	1	35
0	5	83
0	2	63
0	8	101
3	4	86
4	2	77
3	3	115
0	1	59
2	5	117
2	3	48
4	1	78
2	5	97
2	4	58
3	3	59
3	2	89
0	2	59
2	4	49
0	4	89
1	4	67
3	8	66
3	3	108
1	4	81
3	2	59
2	2	54
5	5	72
3	4	62
4	2	52
2	2	51
0	5	62
4	6	30
2	6	68
1	4	60
4	1	56
1	6	74
0	4	58
3	6	68
5	3	75
0	1	58
3	4	74
6	7	65
0	1	52
3	4	52
3	3	33
1	3	35
0	4	77
1	3	67
3	4	44
1	6	123
4	0	25
1	3	89
1	5	67
1	7	81
0	5	96
4	4	93
0	3	59
2	7	84
0	3	78
4	1	57
3	2	39
2	5	58
2	5	77
3	5	39
4	2	66
0	6	95
4	1	29
0	0	56
2	7	91
2	4	92
1	6	72
1	4	72
2	1	38
5	4	70
1	3	100
0	6	82
0	5	65
1	2	67
0	4	84
0	9	29
1	3	95
0	1	79
4	5	101
5	1	59
0	7	103
0	5	57
4	6	83
2	4	67
4	0	52
5	1	53
2	6	70
1	3	52
1	3	23
3	3	80
2	4	90
0	2	82
1	8	107
0	4	35
4	1	39
2	2	47
2	1	57
2	1	60
5	3	69
1	4	64
1	4	45
1	2	59
1	5	66
0	4	104
1	4	52
1	2	75
2	5	68
3	2	54
1	1	62
4	5	89
1	10	63
2	4	83
3	1	33
0	3	65
3	7	102
0	5	59
3	7	111
1	4	51
6	3	72
2	5	44
5	5	95
0	6	104
0	3	46
1	3	73
1	5	57
5	4	43
4	5	75
4	5	54
2	1	54
0	5	56
0	5	52
6	0	36
1	3	73
0	3	36
0	2	78
1	3	82
0	10	108
2	3	22
1	4	111
1	1	73
3	6	77
2	5	93
0	3	56
5	2	59
1	1	43
1	5	67
0	6	89
2	4	65
1	9	74
3	5	85
4	3	57
1	6	67
1	2	52
7	1	59
3	2	94
0	5	35
2	6	66
0	3	84
2	6	82
1	2	62
3	3	65
5	10	79
0	5	109
1	4	65
4	2	74
2	4	82
2	3	97
4	4	75
2	2	70
2	4	89
1	3	79
2	7	52
3	5	75
0	0	33
6	3	41
4	5	63
4	1	59
0	4	42
1	2	37
2	2	57
2	2	85
0	5	100
2	3	54
0	3	81
0	0	84
6	8	83
1	3	112
1	3	57
5	6	119
6	5	93
0	4	93
3	4	81
3	1	36
0	3	59
2	7	77
0	7	95
4	0	39
6	5	90
5	5	52
0	2	86
4	4	56
0	0	39
1	6	74
1	0	49
2	5	78
2	4	67
0	1	66
2	4	95
1	1	83
2	4	55
3	3	68
2	8	106
0	7	84
2	4	84
6	5	36
4	4	77
1	2	50
2	7	86
3	3	60
2	1	44
0	9	118
0	6	52
3	2	59
1	5	70
3	5	75
1	2	64
2	5	54
0	3	60
0	2	90
3	3	85
3	5	92
3	4	71
0	2	84
2	4	66
0	0	33
2	6	46
2	4	83
0	9	131
0	3	79
2	1	56
4	4	61
3	5	47
0	7	65
3	7	80
7	3	45
1	3	65
1	9	72
4	1	68
0	7	54
5	2	67
3	3	51
1	2	68
0	2	54
2	2	32
0	3	76
1	4	64
1	7	57
0	3	77
1	5	96
2	3	46
8	5	58
2	3	81
1	11	97
4	7	81
3	4	67
0	3	48
4	3	78
0	5	62
1	6	131
2	5	71
5	4	85
1	3	66
1	7	91
5	5	54
1	2	65
1	8	104
0	7	49
4	1	55
1	9	59
6	4	60
5	3	64
2	2	42
1	6	74
5	2	66
3	4	29
1	3	48
2	6	61
0	4	113
2	6	97
6	3	36
1	1	80
1	6	79
1	2	40
0	6	100
1	4	81
2	2	82
4	9	71
1	2	57
4	3	31
4	5	76
0	5	49
0	3	47
0	5	99
0	3	37
7	5	37
1	2	26
1	2	60
2	1	42
0	8	97
4	5	65
1	6	95
3	5	56
1	7	107
5	6	81
1	7	95
1	4	84
1	1	34
2	3	48
0	5	57
1	4	93
3	6	86
0	5	82
3	4	72
1	3	56
3	0	38
1	8	88
4	2	40
0	6	125
0	2	75
0	1	38
0	8	72
2	6	73
4	4	59
0	1	75
4	3	55
4	3	85
0	0	38
3	4	74
3	1	108
3	3	55
1	6	69
2	3	71
0	5	47
0	4	46
3	4	64
4	5	50
0	5	95
1	8	126
5	4	62
1	5	64
1	0	35
2	4	60
2	1	53
1	0	33
3	3	55
3	3	71
3	5	113
3	2	44
2	3	69
1	2	77
0	2	55
2	4	70
3	3	105
5	3	33
6	0	64
6	3	74
1	6	49
1	4	55
2	3	31
2	4	49
0	0	16
1	2	78
3	6	72
3	3	105
3	9	86
3	4	83
1	2	88
2	5	60
2	3	48
0	2	63
0	2	84
1	6	93
2	4	98
1	5	92
6	1	36
3	5	27
3	4	58
5	7	48
4	6	76
2	5	32
2	3	47
4	2	41
0	2	67
1	1	47
0	5	109
0	6	73
0	6	103
4	5	50
0	5	45
2	4	83
0	9	91
0	5	54
0	4	80
0	6	47
4	2	78
5	5	69
6	4	71
0	3	106
1	6	122
1	4	105
2	8	50
1	12	107
0	2	67
3	2	70
1	3	45
1	5	89
0	4	78
8	2	39
0	6	56
6	2	29
1	5	110
1	5	60
2	1	78
3	4	28
3	4	74
0	5	71
0	3	27
1	4	43
1	1	33
0	2	120
1	4	80
3	2	71
0	0	47
2	2	52
1	3	35
3	3	67
2	3	72
1	4	45
0	4	96
2	6	69
1	1	34
3	5	72
3	1	57
1	5	65
1	1	45
1	3	78
5	4	51
3	1	50
2	6	88
4	2	57
2	3	82
1	3	77
5	3	73
2	3	92
4	1	66
1	4	83
2	3	76
5	9	100
2	4	60
5	2	42
4	5	82
2	5	77
3	2	72
7	3	47
4	2	15
1	3	76
2	6	63
5	4	60
4	1	28
0	6	93
2	4	63
0	7	91
2	7	91
0	2	47
0	4	157
2	2	83
2	2	45
4	3	41
2	5	54
1	5	61
2	1	42
2	1	56
2	2	23
3	2	27
6	1	45
2	4	50
0	4	89
0	4	32
0	3	46
4	6	84
0	4	78
0	6	48
1	3	77
6	4	81
0	4	65
0	1	59
0	3	59
0	4	49
2	8	117
3	2	37
0	2	46
3	3	66
0	4	87
0	5	61
2	3	60
1	7	53
1	9	86
0	2	44
3	5	39
1	5	93
0	2	40
1	5	56
5	5	77
3	2	46
0	5	58
5	5	75
6	4	47
3	1	34
1	3	68
0	3	61
0	1	92
3	4	65
2	3	85
3	3	94
0	4	51
1	6	86
1	7	93
2	0	38
4	2	61
1	3	100
1	3	73
4	2	77
0	0	44
0	5	105
0	7	78
2	3	85
4	8	85
1	1	70
3	12	117
4	8	64
2	1	45
2	3	41
2	0	35
1	3	48
3	2	63
3	9	95
6	6	60
4	4	119
2	1	34
1	4	59
1	5	58
5	3	61
2	4	79
3	3	74
6	4	66
6	5	70
0	3	70
2	5	75
5	1	66
5	7	82
7	3	54
2	2	54
3	3	47
1	5	85
2	3	61
1	4	72
1	3	65
1	0	21
0	2	17
6	1	41
6	3	75
5	7	84
2	4	56
6	6	67
2	4	58
7	2	53
5	4	85
6	6	76
2	6	95
0	4	82
2	6	67
2	8	100
1	6	78
0	2	59
1	3	79
0	5	67
2	4	60
4	4	57
3	4	101
2	6	105
5	5	47
1	4	47
2	4	58
2	2	54
7	2	38
0	8	65
0	1	64
2	2	38
2	4	72
5	4	54
1	8	64
0	2	56
2	7	70
3	7	30
3	3	25
6	3	76
0	5	50
3	2	53
1	2	73
4	4	76
6	1	29
1	5	41
3	0	41
2	5	76
0	1	33
3	2	52
1	5	50
2	1	88
0	4	52
3	6	113
3	3	44
1	3	91
2	3	53
4	4	68
0	4	86
4	6	112
5	2	29
2	4	58
1	5	96
2	4	44
0	8	118
5	3	70
1	7	82
4	0	41
1	6	54
0	3	90
3	6	93
3	5	132
0	3	79
0	5	61
0	3	116
3	8	119
5	3	80
1	6	101
4	2	51
0	3	77
2	1	56
0	3	48
1	6	93
1	3	79
2	7	51
3	4	53
0	4	60
3	6	101
4	6	102
0	5	51
1	5	79
1	4	70
1	6	59
3	4	77
3	2	61
3	2	65
3	7	56
0	5	72
0	7	66
0	5	66
0	5	70
1	0	65
0	4	60
3	9	61
0	4	81
1	3	22
6	3	46
0	2	67
0	3	82
0	7	84
0	3	39
4	3	68
3	4	65
0	2	67
3	5	80
1	3	64
1	5	107
1	4	68
3	2	91
6	2	50
1	5	110
6	5	36
5	1	45
1	4	69
0	3	35
0	3	54
2	3	48
1	0	52
1	4	45
1	1	43
2	2	35
0	4	65
0	5	43
1	7	53
0	5	92
0	4	46
1	1	50
0	0	61
0	4	80
3	1	73
2	5	91
0	4	86
1	1	80
2	6	93
1	3	84
2	1	45
1	4	60
0	5	67
3	3	55
2	11	96
2	2	41
2	5	75
2	1	68
2	3	57
1	1	43
4	0	48
0	5	49
2	0	42
5	3	55
2	7	74
7	2	42
2	3	63
3	4	39
0	6	62
3	1	36
1	7	76
2	5	59
3	3	44
0	2	71
1	2	25
3	10	71
3	1	53
1	6	71
0	2	57
0	3	60
0	12	86
0	2	33
0	4	86
1	3	31
2	2	71
2	9	129
5	4	30
1	3	75
1	3	52
3	8	47
0	3	29
0	2	46
1	3	72
0	3	63
2	2	42
0	4	73
4	5	65
3	3	50
5	2	62
2	6	88
3	3	82
3	1	44
2	2	63
0	4	89
0	6	77
4	6	87
2	1	42
2	5	63
7	3	61
1	3	47
2	6	43
0	5	46
2	0	46
4	4	51
3	1	51
2	2	39
4	4	60
3	2	44
3	3	63
6	6	79
1	8	98
2	2	28
2	4	71
5	2	59
2	4	72
2	6	55
4	5	45
0	1	37
1	7	74
0	2	42
1	3	45
1	0	47
5	4	87
3	6	85
3	3	28
1	5	65
3	5	96
0	3	49
2	2	36
4	2	73
0	6	50
2	9	61
0	7	91
1	3	83
2	3	45
1	6	94
1	5	90
4	4	62
2	4	116
2	4	54
2	2	70
2	3	44
1	3	66
3	5	56
1	6	59
2	3	55
0	2	73
3	3	58
2	1	45
4	5	71
0	3	74
0	3	39
1	4	59
2	3	50
1	4	71
0	2	71
0	5	62
1	2	43
4	10	60
1	5	71
0	4	42
0	3	57
1	6	77
1	9	92
1	5	44
1	3	74
3	2	27
3	7	88
2	1	49
1	0	23
2	3	71
1	4	50
2	3	51
4	5	56
0	1	66
3	2	82
2	3	57
2	5	48
1	1	27
0	3	54
2	3	72
3	3	63
3	4	58
4	1	63
2	3	65
1	2	68
4	3	90
0	4	45
2	4	41
1	9	85
5	6	68
3	5	67
4	1	36
3	4	60
0	3	89
3	3	59
3	4	76
3	6	76
0	3	107
1	2	43
1	2	12
4	2	93
4	9	78
2	2	60
2	4	48
2	3	76
0	1	46
6	4	72
3	3	88
0	3	46
2	9	95
3	4	61
0	6	53
2	4	73
3	6	80
0	4	69
1	1	38
1	1	36
3	7	83
0	6	86
4	2	61
0	8	84
2	6	74
5	5	52
0	4	78
4	1	35
5	1	32
3	2	77
1	4	89
7	1	49
0	3	37
1	4	67
1	5	59
2	6	61
5	8	110
2	6	84
5	4	52
5	5	61
2	2	41
3	4	68
1	5	85
1	2	30
0	6	37
3	5	68
5	3	41
1	0	51
1	3	75
0	5	64
1	4	75
1	6	59
1	5	64
6	0	48
1	6	60
1	4	50
1	2	56
0	2	86
2	4	37
2	2	48
1	3	34
0	6	73
2	5	119
1	6	59
3	4	102
2	2	80
1	6	68
5	6	90
0	2	79
1	6	92
4	4	79
2	2	56
1	4	56
0	6	93
1	8	137
0	7	94
5	4	55
0	6	73
1	3	64
7	2	57
1	3	29
4	2	53
2	4	81
2	3	77
2	4	66
1	4	57
2	2	66
2	3	83
0	5	90
4	2	101
5	1	43
6	6	63
0	3	43
2	1	74
3	4	71
0	2	57
2	1	47
0	7	71
3	4	42
3	4	80
0	4	51
0	1	50
1	4	109
1	2	68
1	5	124
0	7	75
5	1	51
2	2	32
1	4	64
2	5	69
1	4	61
3	5	40
2	4	63
1	4	58
3	1	39
2	3	105
4	7	58
3	1	52
3	3	102
5	4	56
3	7	71
0	6	66
0	6	62
3	5	47
0	3	49
2	4	68
6	8	87
1	5	27
3	3	50
3	1	97
4	4	47
4	3	55
1	3	59
4	4	54
2	5	111
2	4	97
2	6	60
2	0	50
3	3	53
0	2	61
0	2	80
4	2	37
4	5	86
6	4	117
8	8	70
0	2	73
2	4	89
2	3	74
4	2	72
8	7	78
3	6	62
2	0	25
1	3	38
0	3	29
0	4	51
0	6	73
5	3	49
1	3	70
0	3	83
1	1	78
1	8	29
2	0	57
0	4	33
0	5	111
1	2	62
2	3	44
1	5	71
0	3	53
3	9	97
1	1	39
3	4	87
0	3	77
5	3	24
2	5	114
4	2	50
0	7	82
2	5	70
0	0	39
1	4	96
1	2	45
0	5	51
6	3	82
0	3	52
1	0	46
2	3	42
0	3	62
0	6	96
1	2	45
2	11	62
1	3	51
6	2	67
1	3	46
0	5	60
1	9	85
0	4	47
3	1	14
4	6	63
2	3	68
3	0	87
1	4	82
2	3	37
2	5	96
0	5	66
0	1	58
2	5	76
5	8	57
2	4	94
0	3	36
2	4	86
0	3	105
6	2	34
7	3	60
4	6	92
1	1	52
2	4	29
3	4	76
2	6	59
1	2	56
1	6	72
0	1	49
0	2	62
2	2	57
2	2	32
2	5	63
1	2	17
3	7	95
0	2	88
1	5	60
0	5	83
5	7	80
2	2	23
4	5	48
3	1	53
2	10	133
0	7	85
1	1	44
1	1	90
0	6	99
8	6	50
3	4	59
0	6	71
2	5	99
5	5	64
3	4	61
1	3	67
2	4	109
0	5	81
3	6	67
0	8	102
0	9	120
0	6	88
2	1	35
5	2	66
0	4	60
0	6	58
4	4	75
1	4	77
3	4	54
3	2	32
2	6	86
0	0	58
2	4	58
3	5	87
2	3	71
3	3	83
1	7	88
3	3	73
1	3	78
3	5	83
1	3	47
2	3	70
0	5	116
1	2	53
3	1	83
0	6	50
3	8	63
0	3	44
0	6	112
1	9	114
4	3	50
0	4	113
6	3	25
1	3	55
1	4	56
6	2	64
1	4	42
2	1	37
0	3	113
1	3	38
2	4	46
0	0	13
2	4	64
1	4	57
3	1	89
0	4	62
0	4	91
2	1	37
3	7	58
0	8	76
0	11	110
2	3	79
3	6	80
3	1	47
3	7	106
2	6	99
1	4	61
0	1	56
6	2	55
1	2	48
5	6	70
0	6	75
5	4	46
2	5	70
1	4	68
1	1	51
0	4	58
2	8	88
5	3	73
3	3	56
0	2	49
1	2	42
6	1	58
1	6	68
4	2	31
1	2	107
2	2	63
3	0	22
1	3	44
4	5	55
4	5	84
0	4	51
0	1	68
2	2	42
7	3	50
1	1	49
5	5	83
1	3	58
0	3	87
5	0	46
0	3	67
4	1	54
2	9	78
1	2	34
2	2	60
4	5	60
1	0	67
1	8	56
3	4	57
2	1	73
1	5	56
2	2	98
3	3	51
3	4	62
0	3	50
1	4	41
5	3	66
1	8	75
0	3	67
3	7	68
0	2	79
0	7	96
5	4	41
1	2	61
2	4	91
1	3	63
0	6	94
1	6	76
5	2	86
1	9	114
1	3	89
1	5	59
6	5	51
2	8	96
5	4	75
2	2	45
0	4	113
7	3	71
3	4	40
3	4	47
4	2	29
0	4	74
1	4	69
2	2	49
4	6	55
1	4	69
2	3	45
0	1	73
0	1	75
0	1	38
1	7	73
3	1	52
2	5	91
1	5	77
2	5	74
4	9	82
0	5	67
4	5	77
2	4	110
3	4	53
0	7	119
0	2	71
2	3	58
2	2	63
1	3	47
2	4	77
2	6	59
4	6	76
1	1	88
0	1	49
0	5	75
4	5	120
1	5	53
0	5	57
0	2	58
5	0	22
2	8	71
3	2	45
4	7	57
1	2	78
1	4	93
2	5	89
2	5	59
2	3	31
3	2	43
6	3	60
5	6	106
4	3	60
0	3	63
4	3	62
6	0	53
4	6	62
3	5	66
0	5	93
0	3	38
5	4	54
6	0	67
0	3	62
4	5	54
0	5	96
1	1	61
2	4	87
3	9	90
0	1	36
8	5	42
2	4	70
4	4	42
3	1	33
0	6	112
4	6	80
1	2	36
0	3	81
7	3	57
0	2	42
2	2	48
2	3	61
5	3	48
5	5	89
2	0	23
0	4	91
4	2	51
2	3	34
4	5	66
0	4	85
4	2	81
4	2	40
0	6	41
4	4	50
1	4	83
2	4	61
0	4	65
0	4	85
1	5	74
0	3	43
0	3	88
2	1	67
1	3	57
2	3	42
0	3	52
0	10	114
1	2	73
3	4	106
2	1	64
6	2	61
3	4	51
1	4	52
0	6	85
4	5	34
3	0	43
0	4	70
4	4	60
3	4	73
3	2	36
3	3	61
3	7	59
1	4	83
3	4	65
1	3	52
2	7	63
0	2	35
2	5	68
4	2	58
2	3	66
3	6	55
2	2	31
0	4	54
2	9	86
0	6	84
2	4	90
1	2	60
1	1	45
1	2	83
2	9	134
0	5	93
2	2	66
0	5	68
3	3	61
0	5	44
0	3	52
0	3	86
5	0	54
2	2	58
2	3	81
1	7	104
3	3	46
2	6	104
6	6	77
0	4	54
3	3	28
0	5	87
1	6	70
5	3	96
6	6	42
4	3	37
2	4	74
0	2	68
8	3	76
1	2	66
3	5	49
2	5	95
0	2	68
0	2	87
3	3	98
0	4	54
2	4	74
6	3	54
4	1	16
2	2	41
0	4	72
0	1	54
5	3	54
1	2	58
1	3	70
1	11	101
0	1	58
6	4	58
0	3	64
2	2	36
4	7	82
0	6	60
3	3	60
0	2	52
1	4	27
5	8	67
4	1	42
1	3	46
5	5	59
2	4	82
0	0	64
3	3	29
0	3	50
1	1	34
0	4	82
1	2	73
3	2	49
4	3	72
2	5	71
6	6	88
3	9	123
2	6	78
2	4	74
2	2	54
3	4	89
2	2	40
0	4	69
6	7	38
1	5	83
1	5	109
2	3	81
1	7	38
7	5	47
1	9	104
3	1	40
0	3	74
4	2	68
0	1	40
3	3	41
0	2	41
0	7	97
3	1	74
3	4	52
1	0	66
3	6	84
1	6	87
0	1	60
1	2	71
4	4	72
5	4	42
6	8	96
4	7	54
0	2	60
3	4	81
0	6	86
0	2	70
1	7	88
0	3	44
1	3	83
1	3	82
1	9	67
2	0	59
2	5	75
1	1	32
5	4	98
0	7	76
1	3	44
3	5	62
1	3	62
3	2	28
5	4	44
1	3	84
2	11	120
3	2	51
2	1	47
2	3	93
5	1	36
1	2	60
7	3	54
2	1	57
2	0	65
3	1	46
0	7	73
1	7	58
1	3	80
0	2	67
2	7	121
1	4	117
0	1	60
1	3	49
6	5	53
4	3	87
1	3	93
0	3	60
2	2	27
3	3	53
1	7	80
0	8	94
5	7	97
6	6	54
1	4	71
0	4	74
1	5	57
3	3	64
2	2	65
3	4	58
2	3	34
1	7	86
1	2	25
3	5	111
0	5	52
0	6	118
6	2	46
0	1	50
3	4	79
0	0	23
2	2	67
1	6	114
1	8	117
2	10	133
3	4	68
3	4	83
0	3	54
3	2	72
0	3	74
3	1	19
2	5	60
0	4	68
1	3	72
0	4	70
4	1	22
1	4	59
4	1	55
1	2	98
0	3	88
4	5	86
0	4	66
1	2	72
0	1	41
4	0	39
5	6	64
3	2	81
2	4	74
1	5	97
0	2	88
2	5	84
4	3	101
3	6	53
2	2	59
1	4	60
2	1	48
3	5	101
0	2	73
0	2	40
0	2	62
1	3	60
4	1	91
2	6	76
0	3	45
1	1	55
5	8	83
1	1	44
4	3	59
1	2	103
1	5	91
2	4	62
5	2	30
0	6	124
4	4	74
6	4	80
3	8	104
1	5	58
1	2	39
1	6	78
0	2	59
1	9	71
4	3	52
2	5	82
0	3	92
2	6	93
0	3	76
1	6	59
3	2	32
2	3	79
1	4	108
2	5	71
3	5	72
4	4	53
3	3	49
5	3	18
6	5	99
2	1	61
4	4	31
0	1	44
7	2	83
3	3	91
2	1	39
0	1	57
3	4	67
1	2	35
0	1	70
0	1	60
2	2	42
6	0	27
4	10	77
3	7	67
2	2	63
6	3	46
4	5	72
3	8	72
0	4	134
0	4	104
5	3	50
5	6	72
1	2	70
3	2	76
1	1	41
2	3	71
0	2	77
1	5	123
0	2	56
0	7	68
1	7	86
1	6	54
6	4	48
0	2	45
1	5	47
6	4	90
2	4	57
1	3	42
4	1	38
3	2	39
2	6	81
2	9	75
2	7	76
2	4	65
5	2	49
6	4	88
4	2	48
6	3	44
0	2	90
1	5	81
2	0	51
1	2	69
1	3	60
4	6	44
3	4	47
2	3	38
0	4	94
2	4	79
3	2	37
5	2	43
3	4	74
1	12	119
0	5	68
2	5	95
1	3	84
3	3	60
0	2	77
1	4	57
0	2	47
2	6	32
1	6	80
2	5	95
1	4	58
1	4	82
1	2	60
1	2	26
0	3	54
1	5	59
2	3	71
3	3	88
0	8	103
0	3	48
1	0	52
0	4	38
0	5	92
2	5	76
3	4	60
2	3	54
2	2	76
3	4	82
5	2	48
2	2	44
0	4	89
0	4	65
0	3	64
4	1	53
2	5	81
2	6	89
2	4	57
4	5	56
3	3	34
2	3	52
4	3	66
1	1	44
1	4	38
0	5	78
1	5	62
1	4	100
1	3	54
3	2	23
0	8	98
1	4	62
2	9	56
1	1	50
0	4	59
3	2	62
1	1	82
0	2	46
3	6	102
2	4	46
2	7	73
1	5	92
1	3	42
0	5	74
0	5	45
5	4	50
3	5	50
1	4	59
1	5	108
0	4	43
0	7	73
1	3	48
1	1	31
0	3	62
0	2	58
0	6	82
1	2	72
0	5	84
0	3	88
1	3	51
4	2	81
3	4	62
4	2	50
2	1	40
2	1	51
0	4	51
2	3	61
2	6	80
3	6	97
3	6	82
6	5	56
2	6	77
0	2	68
1	6	62
5	3	58
1	4	113
1	4	37
3	4	90
3	5	58
4	6	79
2	3	57
0	2	27
3	11	77
0	3	67
2	1	64
0	3	59
1	3	106
0	3	68
1	1	41
3	4	82
3	0	61
0	4	66
0	0	78
4	1	35
2	5	48
2	5	57
3	3	91
3	5	82
1	2	44
1	2	91
0	1	46
2	1	50
1	1	76
2	5	57
3	2	50
1	3	73
2	2	57
2	7	51
1	3	48
1	8	92
0	4	62
4	3	50
1	5	80
1	8	86
3	3	85
4	4	49
3	2	24
4	4	64
3	4	100
0	5	71
3	4	41
3	8	63
7	5	86
5	7	74
1	1	72
0	9	52
1	4	63
4	4	54
0	7	88
0	4	73
0	1	33
5	3	58
4	2	58
0	3	93
3	4	73
3	0	12
4	7	76
0	3	67
1	4	106
1	6	62
1	1	45
0	5	84
0	4	91
0	3	58
1	2	55
0	2	57
2	6	110
7	7	92
2	3	61
0	3	71
0	4	66
1	5	103
1	0	79
0	4	90
0	4	80
1	3	48
0	3	101
2	1	72
0	2	70
0	3	51
3	4	64
0	3	79
7	2	22
0	4	77
4	8	64
1	7	87
0	3	74
3	3	27
0	3	82
3	4	51
1	1	45
2	3	46
2	6	101
5	7	83
0	4	62
8	0	37
0	4	74
2	4	84
5	8	65
5	9	94
5	1	30
3	6	65
2	5	96
6	8	68
1	6	54
2	1	50
0	5	78
0	3	74
0	3	41
0	0	40
4	3	44
2	3	61
0	3	68
2	7	55
2	1	44
0	4	84
3	3	63
0	4	101
4	2	88
0	2	79
1	1	52
0	5	73
4	8	50
0	1	45
3	6	83
3	8	111
2	1	43
2	3	37
1	1	46
2	7	75
1	1	59
1	1	48
0	2	51
2	4	37
3	5	61
0	9	92
1	6	79
2	2	41
4	6	56
2	0	38
1	6	76
2	1	39
1	1	74
2	3	52
3	10	119
7	5	82
1	6	99
1	3	47
2	4	53
3	2	55
1	0	48
1	2	58
1	14	122
1	4	51
0	2	75
0	3	82
1	1	35
1	4	47
1	2	49
0	8	51
0	5	56
0	3	67
4	0	34
1	4	95
1	11	96
3	5	70
5	3	52
4	2	59
1	4	49
4	4	41
4	3	55
2	3	71
2	4	68
3	2	62
1	6	66
4	7	64
4	4	64
1	0	49
3	6	110
4	8	48
6	0	46
3	4	61
2	2	108
0	4	64
3	2	45
1	6	61
1	3	72
5	0	38
5	6	47
4	6	97
3	5	55
5	1	51
5	1	72
2	4	75
1	5	50
2	3	95
0	1	42
0	2	68
0	3	85
2	3	59
2	9	74
0	1	87
1	1	80
0	2	56
0	2	52
2	2	57
3	3	69
1	4	37
2	5	72
0	5	65
5	4	46
3	2	93
6	3	72
3	3	64
0	4	77
0	6	118
1	4	88
3	7	108
4	7	88
2	2	54
6	1	44
4	1	107
1	1	60
1	6	49
3	3	60
0	2	68
3	3	61
3	3	62
0	1	30
5	3	52
1	5	60
5	8	60
3	0	42
2	4	70
4	2	20
1	4	71
3	7	95
2	5	63
3	9	101
2	2	77
1	4	41
5	7	70
0	6	46
4	5	90
1	4	76
1	5	104
2	9	92
2	5	91
0	8	93
3	1	61
3	4	87
0	3	74
6	0	43
0	3	62
6	1	57
2	4	79
3	0	26
8	4	38
6	4	37
1	4	77
1	0	64
3	3	114
2	6	88
4	4	103
0	2	48
0	4	46
5	7	120
4	4	32
0	4	97
1	8	77
4	4	60
4	5	49
2	5	71
3	4	56
0	7	69
4	5	55
1	4	58
1	2	27
0	1	50
4	3	65
4	3	50
1	5	108
2	6	56
2	3	67
2	2	53
3	2	58
0	2	69
3	2	28
3	0	49
1	4	72
1	2	64
4	7	82
5	7	59
0	4	85
5	3	67
1	7	73
0	4	95
0	7	76
2	6	78
1	5	59
2	6	101
3	3	27
1	8	118
0	4	41
1	3	89
1	2	41
2	3	43
0	4	77
1	3	40
3	4	61
4	4	63
3	6	78
0	5	66
3	1	43
3	10	77
5	1	51
3	4	57
2	1	60
1	1	87
2	5	39
0	4	102
2	4	73
1	5	33
4	2	41
0	0	69
4	4	43
1	1	41
0	4	137
2	1	47
2	3	62
3	3	78
5	0	35
0	6	98
3	5	65
0	4	60
3	9	93
1	4	66
2	1	59
0	2	46
2	2	74
0	4	93
2	3	61
1	3	72
4	6	62
2	2	37
1	5	81
4	5	51
1	5	69
1	6	66
1	3	79
0	2	36
4	2	54
5	1	38
0	2	50
2	9	53
4	4	68
3	4	73
2	5	67
3	1	57
3	6	110
0	3	123
1	5	72
2	1	79
0	2	55
4	0	41
7	4	48
1	0	25
3	2	85
3	2	32
4	3	85
4	4	76
1	0	57
0	3	85
0	4	69
1	6	65
1	3	44
5	5	58
1	1	64
0	2	52
0	3	53
0	8	64
2	4	59
0	0	55
0	1	74
0	8	83
0	3	74
1	7	77
2	2	74
2	0	75
0	3	94
1	2	60
1	2	79
3	3	75
0	1	78
1	1	60
1	2	72
1	4	65
1	3	52
8	2	59
4	3	41
1	2	69
0	4	73
2	1	53
4	8	92
3	4	99
1	1	47
7	2	32
1	1	73
3	5	45
0	2	75
1	3	51
6	1	52
1	2	43
0	4	77
0	0	39
2	1	57
4	1	58
2	2	74
3	2	69
1	3	79
1	4	101
0	5	62
2	1	60
0	7	77
1	9	89
4	4	67
4	2	64
1	1	51
3	3	34
1	4	77
3	4	62
1	7	57
4	3	36
0	1	56
5	4	39
1	6	60
1	2	27
2	3	72
8	4	61
6	3	51
1	1	68
2	8	84
0	2	53
0	1	59
0	4	74
5	2	60
4	4	53
2	2	59
0	3	91
4	3	26
1	4	72
2	3	83
0	2	99
5	9	60
2	5	72
2	1	60
2	6	119
0	8	72
3	2	68
1	5	84
1	1	62
0	7	64
0	2	56
6	3	53
3	3	70
1	2	33
2	3	45
2	1	85
1	1	52
0	5	81
6	8	57
3	4	55
3	1	72
1	3	69
1	1	72
1	9	64
4	6	85
5	2	75
0	1	58
1	6	69
2	2	44
0	2	40
0	6	112
2	6	81
2	5	106
2	1	47
1	4	66
2	6	96
5	2	51
1	2	64
3	9	80
0	6	139
1	3	62
1	8	47
1	2	56
1	4	83
2	5	49
0	6	84
0	3	57
2	5	73
1	6	113
0	5	90
0	4	88
0	5	71
0	1	46
0	9	81
4	4	69
1	0	79
0	2	82
0	0	43
6	1	54
4	3	53
1	7	95
0	7	111
3	5	53
0	5	92
3	4	77
3	8	94
2	6	59
1	5	105
0	1	32
3	6	109
2	1	75
2	2	75
2	7	36
4	6	62
2	8	48
0	4	54
0	2	37
6	2	54
0	5	85
1	1	43
2	1	44
1	2	71
3	2	32
3	1	71
0	3	61
0	4	52
3	0	50
0	1	36
2	4	126
0	6	54
3	3	47
1	5	84
1	3	48
6	8	81
2	4	71
0	7	115
3	3	76
1	6	66
1	2	65
3	3	64
6	6	57
2	2	51
4	4	36
1	6	85
2	3	47
2	7	60
0	4	73
0	4	52
4	3	64
0	4	92
1	2	75
4	0	36
1	2	49
3	1	35
4	2	34
0	1	80
5	9	82
0	3	72
3	9	88
3	3	66
1	2	89
0	7	99
1	0	52
2	1	85
2	1	79
1	6	44
2	4	86
2	4	71
3	7	48
3	4	61
4	5	79
6	5	63
1	2	75
1	3	43
1	4	81
2	9	60
1	1	33
1	10	110
1	1	64
0	0	40
2	2	47
0	3	83
5	3	50
3	3	65
5	2	89
1	4	35
1	4	71
0	4	76
5	6	76
0	3	73
1	1	55
1	3	47
3	3	86
2	5	75
3	5	51
1	0	79
0	1	40
3	5	75
1	4	59
4	4	51
0	5	69
4	5	83
2	3	77
0	1	86
6	3	78
1	9	87
0	0	46
3	6	75
6	7	59
8	2	65
3	6	61
2	8	108
2	5	61
3	4	51
0	4	119
0	3	42
5	7	67
3	0	38
2	4	34
0	3	50
3	5	84
0	5	106
0	2	45
6	0	77
4	2	58
2	3	47
2	1	45
4	1	56
1	3	53
1	3	54
2	5	99
3	2	45
2	1	85
2	3	61
4	3	38
2	8	117
1	7	66
2	3	69
1	11	85
1	3	34
2	3	85
0	7	73
1	1	76
3	4	49
3	2	63
3	2	69
1	4	77
2	4	38
4	2	64
0	1	35
0	4	50
7	4	76
3	4	77
5	6	83
0	9	95
0	6	92
1	4	62
2	3	64
1	3	48
1	2	38
0	4	66
0	5	46
0	5	91
3	1	33
4	4	43
0	7	83
0	4	52
2	6	59
2	5	66
2	6	89
1	1	53
0	1	39
0	2	61
0	3	60
1	3	42
2	4	78
1	9	79
3	3	46
3	5	40
2	4	45
0	2	52
2	3	62
2	2	56
3	5	99
2	5	63
2	4	61
2	5	56
0	3	73
1	7	67
4	4	48
0	8	93
1	3	71
0	1	78
6	4	63
5	8	115
3	4	106
0	6	125
7	0	31
2	3	56
3	6	82
0	1	29
2	5	79
0	0	58
0	4	51
2	6	88
1	1	56
2	3	76
2	1	90
0	4	94
3	3	65
0	5	66
4	6	92
2	2	73
1	4	43
0	6	54
0	7	48
2	7	84
6	5	76
0	1	80
3	2	80
0	4	90
6	5	39
0	3	81
0	5	114
4	3	95
1	5	113
3	3	115
7	4	45
4	2	60
4	4	90
5	1	26
3	5	44
2	5	93
1	3	35
0	3	43
2	4	58
3	6	45
3	5	100
5	3	51
1	3	74
3	5	53
3	2	33
0	4	73
2	2	64
3	1	56
0	2	68
2	4	69
2	1	46
0	5	102
3	2	58
1	3	97
1	4	66
3	4	62
1	5	70
1	7	94
3	2	62
6	10	107
1	1	35
2	10	83
4	5	48
7	3	47
1	3	69
0	2	30
1	3	78
2	1	60
1	4	51
0	3	102
1	4	86
1	4	90
3	5	95
0	1	46
7	3	48
2	2	41
3	3	96
2	5	53
1	4	63
1	4	48
3	1	37
3	5	57
1	4	50
5	3	70
6	4	56
0	7	65
2	4	86
6	8	77
5	8	76
0	2	74
1	6	73
5	0	51
0	3	59
0	2	46
1	3	102
4	2	68
1	4	41
2	3	50
5	1	73
5	2	60
8	2	64
0	4	65
5	4	55
3	8	66
1	3	79
1	8	94
4	5	56
3	5	86
2	4	70
3	2	61
1	3	56
0	5	73
6	6	97
6	1	39
4	8	55
1	2	61
2	1	37
0	1	37
6	4	41
2	6	97
1	5	64
1	5	80
2	4	74
0	6	90
2	2	89
1	2	70
0	1	42
2	2	50
3	5	80
2	4	116
4	1	40
5	9	86
5	1	20
0	0	44
2	2	84
0	7	90
0	4	64
1	2	70
1	4	50
0	5	95
1	2	61
0	2	72
4	3	84
3	5	54
4	0	52
0	4	65
4	1	32
4	3	51
3	1	55
0	6	109
2	3	47
1	3	50
2	3	35
4	1	69
1	3	76
1	6	64
0	0	50
0	4	63
0	6	88
7	3	40
1	3	72
5	3	62
2	2	29
2	5	61
6	5	61
0	5	69
0	2	106
2	3	83
2	2	35
0	4	72
3	2	51
2	4	75
5	4	57
3	6	50
1	10	85
2	2	48
3	0	49
0	4	98
1	4	48
1	0	56
0	3	67
2	5	53
1	6	66
0	3	70
1	2	75
0	4	50
1	6	71
4	6	87
1	6	76
0	3	46
0	1	41
2	5	82
0	5	55
0	3	63
6	0	42
4	1	66
1	1	58
5	3	66
3	1	36
3	5	75
0	4	63
3	3	64
2	4	70
0	1	70
0	6	62
3	2	82
0	5	54
3	6	73
4	1	71
1	3	53
2	3	63
3	6	38
0	8	116
1	2	41
2	4	54
2	0	55
7	3	39
4	4	53
1	6	53
2	1	69
5	0	43
3	5	80
3	1	39
5	9	82
0	5	70
0	3	60
3	6	88
6	3	78
4	2	56
5	4	79
3	6	65
4	3	54
2	3	50
1	3	103
2	1	27
3	8	94
3	3	61
0	5	95
1	3	44
6	3	54
1	5	71
2	5	43
3	2	38
2	2	42
2	5	71
0	5	79
1	9	43
0	6	99
2	6	88
1	1	53
2	7	102
2	3	55
0	7	84
1	5	87
5	4	60
5	4	36
4	2	57
2	1	35
2	3	39
0	3	69
0	3	100
2	2	47
1	2	51
1	8	85
5	4	61
6	8	64
0	4	86
0	1	32
2	3	33
4	3	60
8	4	40
4	1	51
2	4	51
1	3	55
2	3	75
1	3	45
2	4	67
3	3	50
0	3	83
4	2	59
0	6	68
1	3	37
1	4	72
3	5	79
1	4	86
3	9	128
2	6	85
2	5	81
0	6	81
9	3	54
3	5	56
0	2	53
4	2	43
4	8	110
2	2	57
0	4	80
0	2	34
2	4	37
1	4	64
2	2	91
0	6	125
5	1	77
0	7	60
2	1	55
2	4	57
1	2	56
0	2	54
2	3	81
1	1	66
1	5	59
3	2	72
2	4	84
2	1	42
1	2	68
2	1	66
4	3	57
0	8	83
3	4	75
1	2	49
0	5	82
5	2	72
2	6	55
1	3	26
3	2	62
2	9	72
1	4	68
0	2	56
3	11	92
2	2	75
4	3	72
1	6	68
3	2	46
3	5	70
2	5	66
0	5	101
0	2	82
2	9	92
2	2	53
4	2	48
1	2	49
2	2	76
4	2	63
2	4	73
2	1	66
4	1	56
3	6	57
2	7	89
0	5	76
0	1	40
4	3	69
3	0	66
0	5	83
2	5	53
1	5	53
1	3	68
1	1	93
0	0	47
0	4	59
0	6	124
0	0	27
0	2	60
0	1	33
4	1	62
1	9	61
3	1	43
1	2	91
0	3	50
1	2	72
2	6	103
0	6	63
1	5	85
0	8	113
2	0	60
2	4	99
1	0	78
3	2	76
0	3	54
2	2	36
5	2	91
7	3	62
0	5	82
1	2	47
3	4	113
0	7	106
3	1	46
2	4	38
5	3	49
4	7	43
3	1	35
1	3	26
0	3	73
3	4	71
1	6	62
3	5	52
0	6	72
1	6	136
1	6	102
3	5	51
3	3	71
1	3	94
0	3	96
3	5	55
2	2	72
2	4	96
3	9	81
0	7	63
3	2	66
2	1	40
3	1	68
0	2	99
3	0	29
0	2	38
6	2	27
0	2	42
3	3	49
5	5	80
2	4	45
0	4	101
6	6	78
2	3	40
2	5	77
0	4	84
0	3	80
4	3	40
3	2	52
6	8	78
4	7	52
5	3	57
0	2	69
1	3	72
0	1	92
0	4	79
4	4	85
2	2	51
2	5	78
0	1	61
4	0	46
1	5	81
0	4	52
4	4	55
3	2	54
2	2	48
3	2	46
3	1	26
0	3	60
1	6	91
3	5	85
1	5	84
0	2	33
3	2	39
0	5	108
2	4	93
3	1	83
0	5	92
5	3	56
5	6	25
0	2	40
2	1	76
0	2	86
2	1	50
5	6	51
3	1	52
3	1	46
2	6	82
1	5	102
4	4	21
0	2	67
2	4	77
1	3	77
1	9	66
2	3	53
1	0	52
1	1	59
1	5	93
2	3	87
3	4	49
0	6	82
3	2	72
2	9	100
4	2	79
2	1	40
2	6	74
0	3	85
1	2	67
4	2	55
3	4	48
8	10	80
0	2	45
0	5	96
1	3	57
4	4	61
1	4	103
1	4	94
0	2	50
1	3	62
1	5	72
1	5	100
0	1	44
4	4	75
1	7	74
0	3	72
2	6	84
1	6	71
0	2	78
6	7	50
3	9	77
3	5	95
3	5	70
0	5	76
3	4	85
3	2	64
0	1	49
3	0	59
2	3	57
1	8	97
0	2	80
1	4	63
1	3	39
2	3	98
6	4	61
2	1	71
6	1	79
5	7	92
1	6	129
2	2	75
0	2	48
0	6	54
1	5	68
2	4	59
2	5	37
0	6	75
5	2	49
5	4	38
1	6	55
0	4	97
0	7	91
3	4	60
0	1	38
4	6	60
2	0	48
3	4	88
3	2	32
2	5	86
0	5	64
2	4	63
2	1	58
3	1	77
6	2	97
1	1	46
5	6	65
5	3	46
0	5	72
1	4	57
0	1	74
1	7	38
2	4	59
4	4	75
7	6	43
1	3	51
1	3	56
1	3	94
4	2	49
1	1	44
2	3	57
1	3	55
1	5	62
1	3	60
3	5	58
4	5	69
1	4	91
0	7	94
0	11	88
2	4	52
4	1	43
0	3	36
2	2	62
0	7	131
1	6	51
1	3	76
3	5	57
4	4	78
1	5	74
2	6	56
4	3	51
3	5	57
3	3	55
5	4	77
3	3	77
4	6	99
0	8	60
2	9	63
0	4	74
2	3	76
0	4	64
2	8	72
2	1	57
4	2	49
0	3	83
1	3	35
1	6	57
3	3	49
1	6	72
2	2	65
2	2	57
2	6	69
1	3	59
0	7	105
5	2	73
2	1	37
2	4	45
0	5	80
0	1	46
2	4	44
2	2	47
4	5	72
1	8	96
3	2	72
3	1	66
2	3	81
4	4	55
0	9	100
4	12	98
1	2	60
1	6	85
5	4	42
4	1	25
0	7	86
0	6	75
6	4	46
3	4	64
0	5	45
2	3	28
2	2	89
3	7	54
1	0	46
4	3	73
0	4	63
3	1	43
0	7	90
4	5	49
0	5	55
6	5	69
1	3	52
4	1	102
2	2	59
3	5	131
1	4	63
2	3	82
1	3	65
5	3	64
9	2	67
6	2	79
0	6	80
3	4	78
1	1	91
4	2	75
2	1	60
2	3	53
0	8	79
4	4	84
4	5	51
0	4	76
3	6	113
3	3	60
2	4	47
3	5	84
1	2	60
3	4	62
0	5	91
0	2	67
0	3	76
1	6	63
6	1	36
3	3	62
2	2	68
1	8	101
3	2	67
5	4	62
0	8	85
1	3	76
8	5	68
2	5	59
5	5	100
2	7	147
2	3	58
7	1	59
0	3	68
3	9	86
2	7	110
7	4	52
0	1	47
1	5	60
5	2	45
4	1	22
2	3	44
3	6	100
3	2	50
7	0	45
0	7	55
1	6	100
1	6	63
3	0	65
2	3	56
3	6	89
1	3	74
0	2	56
2	0	69
1	8	122
3	3	80
0	4	89
0	4	109
4	2	46
1	8	90
4	5	77
1	1	64
5	1	48
2	4	81
4	4	66
2	4	58
3	3	52
0	1	64
4	0	33
3	5	62
1	2	77
6	6	87
0	3	106
1	6	85
3	7	103
2	3	72
4	1	39
1	2	84
0	3	56
1	2	41
2	1	40
2	2	59
1	1	67
1	2	35
0	5	89
4	8	60
4	1	49
2	3	80
2	3	74
1	4	58
0	2	41
4	6	91
5	1	42
2	5	80
2	6	41
0	2	43
0	4	87
0	2	92
1	5	101
3	3	47
1	0	28
0	10	81
0	6	92
7	4	85
3	4	87
2	1	53
5	9	93
6	7	83
2	8	99
0	6	38
1	2	68
4	2	39
2	4	35
0	4	77
5	2	56
1	4	64
2	5	74
3	3	74
1	1	82
3	2	71
6	3	68
3	5	79
0	6	122
2	4	102
0	6	115
5	3	32
0	5	91
1	4	92
2	5	46
4	3	47
1	2	51
2	4	81
0	2	53
4	5	73
0	6	89
1	8	123
5	4	55
1	2	47
1	5	87
5	8	59
3	4	69
2	2	66
2	2	54
5	1	43
6	4	90
1	1	29
1	4	57
1	6	70
4	0	47
7	11	120
0	3	57
3	6	105
2	4	55
3	5	65
3	0	40
0	3	41
1	1	34
0	3	44
1	0	33
0	5	82
1	4	110
1	5	77
2	3	80
0	3	81
3	1	28
6	1	50
0	2	35
1	2	74
3	6	69
1	5	73
5	4	86
2	3	43
4	4	39
8	1	32
2	6	51
4	4	44
3	3	81
1	3	57
2	4	74
3	2	36
3	3	99
3	4	61
2	4	67
1	5	100
2	8	58
4	9	70
6	2	33
1	2	68
2	4	64
6	5	81
0	8	92
0	4	66
3	0	69
0	5	71
3	2	51
3	1	37
0	7	58
3	7	73
1	5	87
3	4	71
4	8	81
0	1	46
0	3	62
4	6	118
0	4	64
5	4	49
2	4	67
4	1	56
5	5	70
1	4	57
3	4	78
2	2	70
1	1	44
2	4	63
3	3	58
1	5	46
6	3	70
0	2	63
3	2	23
3	3	43
4	5	54
0	2	60
4	2	73
1	6	75
6	2	69
2	4	71
1	6	55
3	5	55
1	3	43
1	7	63
3	1	59
7	4	86
0	7	91
2	2	114
4	2	34
3	5	61
1	6	71
1	2	46
0	2	55
5	2	38
4	5	68
0	5	50
4	3	45
5	1	67
0	3	60
1	2	54
7	6	65
4	3	50
0	7	98
2	4	80
3	4	53
2	2	70
4	3	45
0	9	122
2	8	109
4	4	75
0	0	76
0	8	114
5	2	72
4	4	64
2	2	35
1	1	76
1	3	57
0	4	59
2	2	73
6	5	43
2	6	76
2	2	22
0	4	68
0	0	33
0	1	61
1	4	43
4	1	43
5	2	28
3	6	33
5	6	85
4	2	66
1	1	39
3	4	114
2	5	45
0	1	99
1	3	58
1	2	44
9	11	105
2	3	72
1	2	62
0	4	69
7	4	54
5	4	59
3	3	72
0	2	68
2	1	28
4	4	67
0	3	70
5	5	60
2	4	61
1	4	84
4	4	66
3	8	75
0	3	74
2	0	47
0	2	43
1	3	93
3	5	107
1	1	56
0	1	48
1	4	52
2	3	43
5	1	22
0	3	46
0	3	38
1	7	94
3	2	64
1	3	36
0	1	58
1	3	50
3	5	72
1	2	51
0	1	78
1	1	64
2	4	42
3	0	29
6	8	46
2	2	72
1	1	75
2	4	56
4	5	60
1	2	88
2	4	40
0	4	76
3	4	48
1	1	64
0	6	35
2	6	75
4	8	64
5	7	87
4	3	50
0	5	89
2	3	74
1	6	64
4	6	42
0	3	33
0	4	105
1	6	82
3	2	49
1	3	66
0	5	83
2	3	33
2	5	88
1	7	38
3	3	81
1	1	82
0	2	64
0	5	79
0	4	57
7	2	26
6	2	84
2	3	61
3	3	54
1	1	53
0	5	78
3	1	40
1	6	88
6	4	66
0	6	74
6	5	49
4	4	33
1	1	47
1	1	93
0	2	63
0	5	95
2	3	59
3	2	46
0	8	84
5	6	72
4	2	77
0	3	61
4	1	47
5	5	93
1	8	123
1	4	73
3	2	73
0	6	86
5	5	61
1	4	36
2	6	64
0	1	73
3	6	53
2	7	69
1	1	78
3	3	60
0	4	121
1	7	73
3	1	31
3	3	81
2	8	101
1	4	76
6	5	70
3	4	85
1	3	69
6	2	70
4	4	82
3	5	53
6	2	69
2	2	63
1	3	45
1	3	87
3	6	99
2	3	47
0	2	79
0	1	60
4	6	39
0	2	60
3	6	88
2	3	69
5	7	59
2	9	89
1	9	76
0	3	32
1	2	58
0	4	70
2	2	47
1	2	61
2	7	88
0	3	71
2	6	39
2	3	66
2	4	84
0	1	57
6	4	77
2	5	89
2	5	75
0	2	84
0	5	68
2	4	40
1	6	89
3	2	48
3	3	39
3	8	64
4	5	84
6	3	77
3	1	76
3	2	40
0	5	102
0	4	96
4	2	48
3	4	92
1	3	75
0	6	77
1	2	71
1	1	51
2	4	80
1	6	62
1	5	58
2	10	115
5	7	58
3	0	35
0	4	65
0	2	40
3	4	96
0	5	105
5	2	46
1	0	28
0	4	81
2	0	70
2	3	92
6	4	63
3	7	67
1	1	67
3	5	55
4	2	32
2	7	93
2	7	82
3	4	51
1	5	114
3	3	52
3	4	60
0	6	67
0	2	61
4	1	43
1	5	66
3	4	64
2	3	56
5	3	76
6	1	42
2	3	37
5	2	64
4	5	55
1	7	68
0	3	132
10	2	80
0	4	47
1	7	64
0	1	49
2	4	35
2	2	38
1	6	43
3	8	61
4	3	43
1	5	84
0	3	97
5	4	38
2	1	38
5	3	57
3	4	81
3	0	58
1	1	67
0	5	73
0	2	69
5	3	70
0	7	58
2	4	60
1	6	81
4	4	39
1	2	53
3	6	62
1	7	65
1	8	60
0	2	51
2	7	109
0	3	44
1	6	86
4	1	89
3	2	63
5	1	49
1	6	95
2	4	38
0	0	63
5	3	65
1	1	73
1	4	61
4	3	52
2	4	69
2	3	60
0	4	105
0	4	88
1	0	54
3	4	45
0	4	44
2	4	36
0	6	110
2	2	75
4	1	43
4	3	52
4	0	38
4	6	70
2	2	53
1	1	58
0	6	91
0	4	75
1	2	42
0	3	80
2	2	58
3	2	42
4	3	27
2	2	65
3	8	87
2	5	86
5	4	54
2	8	48
3	4	47
0	2	64
1	4	60
2	5	67
0	7	122
0	1	26
1	3	66
3	1	50
2	1	42
1	6	66
3	3	41
1	1	22
1	4	56
3	5	60
1	1	45
8	9	141
2	2	27
0	4	95
1	5	63
0	6	43
3	3	84
2	5	108
4	2	27
1	10	102
2	2	46
5	2	39
10	2	45
3	5	93
0	3	63
1	3	69
2	4	107
5	1	77
3	5	76
1	4	80
2	6	71
3	4	47
1	3	51
1	6	86
3	2	68
0	3	67
4	1	49
2	5	92
1	5	85
2	2	41
3	6	79
1	3	46
5	1	67
1	5	70
5	0	44
2	6	115
2	1	55
2	5	99
3	4	49
1	9	124
1	2	86
1	3	61
3	0	23
3	0	56
2	3	62
2	3	52
3	9	69
1	1	69
4	1	28
0	0	40
0	2	44
2	6	61
3	5	79
0	6	77
3	1	34
0	2	44
2	1	36
1	5	76
5	2	44
1	3	55
0	2	68
1	2	74
4	1	38
6	2	40
1	3	58
1	4	56
2	5	38
3	7	77
1	3	53
0	3	57
1	3	72
4	3	59
0	1	37
1	7	55
2	1	52
1	1	52
0	0	88
4	3	38
0	2	49
3	11	100
6	1	60
1	6	63
2	7	75
3	5	84
3	3	58
4	1	66
1	5	60
1	6	59
1	7	64
1	2	32
0	6	83
1	2	61
2	10	95
2	1	48
3	6	63
1	3	67
4	3	31
2	2	26
3	1	62
4	5	57
1	6	60
2	3	59
2	5	61
0	7	109
0	4	52
2	3	101
5	5	66
4	0	46
4	2	45
3	1	42
1	4	45
0	1	53
7	2	40
1	5	63
1	1	31
0	3	88
2	3	60
3	3	45
4	0	46
0	1	46
0	3	83
1	8	83
3	4	71
3	3	65
1	5	90
2	3	72
4	5	68
3	4	81
1	2	51
1	4	68
1	4	57
2	1	33
3	3	19
1	6	72
1	8	86
3	1	79
3	3	83
3	7	91
4	5	79
1	3	66
5	2	62
4	4	47
3	4	64
0	4	50
5	4	47
1	2	49
1	3	67
3	4	42
2	3	23
1	4	58
2	6	88
1	4	65
1	5	73
0	1	61
2	1	62
5	9	92
4	8	94
4	7	78
3	3	40
2	8	98
3	7	86
7	5	47
0	4	87
1	1	29
2	0	50
4	3	50
1	1	69
1	1	42
3	3	58
3	3	38
4	5	93
1	3	116
2	4	77
0	5	101
1	3	42
1	8	71
1	3	82
4	5	88
1	6	71
2	5	85
4	7	67
2	4	46
6	5	37
0	1	63
1	9	101
0	5	90
5	1	34
2	4	86
3	3	103
0	1	40
0	5	79
2	4	72
3	5	78
1	3	65
2	2	43
0	5	65
1	2	70
4	4	51
4	7	82
5	6	83
1	8	82
1	1	64
3	2	75
4	1	38
3	4	66
0	4	66
5	3	43
1	4	67
2	4	99
3	4	72
4	2	36
0	1	34
0	6	107
3	1	84
0	0	50
4	7	113
3	0	46
3	5	73
5	2	59
2	0	58
6	5	67
3	6	99
5	3	35
0	2	61
4	4	41
2	7	59
0	7	117
0	5	84
0	4	81
2	7	117
5	2	67
2	3	40
2	6	113
0	3	57
0	1	41
2	2	36
1	1	59
2	1	56
3	5	67
1	3	79
1	3	51
3	2	66
5	4	46
0	4	43
2	7	123
0	3	37
3	5	71
4	6	125
2	7	55
2	5	60
3	2	77
3	4	101
2	5	73
5	2	54
6	3	23
1	3	66
5	1	45
1	3	54
2	4	136
2	5	92
2	2	44
1	1	62
4	2	46
0	4	55
1	1	41
3	2	111
2	4	80
1	1	62
2	4	53
4	5	53
4	8	116
6	3	33
0	1	56
1	0	50
3	4	86
3	7	89
0	2	50
0	5	120
1	0	54
1	8	84
10	4	59
2	1	57
2	5	84
5	2	46
2	3	34
1	7	70
2	7	60
1	4	65
3	2	57
1	4	82
1	6	96
2	4	40
1	7	86
5	2	50
2	7	88
1	8	80
5	5	89
3	2	44
2	6	56
2	5	50
6	2	68
4	3	68
2	5	57
0	4	64
3	4	66
0	2	39
3	6	73
1	0	39
0	3	53
6	0	81
1	4	82
2	2	58
2	1	82
2	4	69
1	1	40
4	4	25
0	5	85
2	9	102
6	5	52
3	6	116
2	4	42
3	7	66
3	1	67
3	1	25
2	8	114
3	7	73
0	4	79
2	1	40
0	5	109
4	7	88
4	3	88
0	3	101
3	7	100
1	2	64
0	5	92
3	6	72
1	3	63
1	9	93
4	8	80
5	5	115
4	2	39
0	2	80
0	3	93
4	3	84
2	7	50
1	3	79
3	6	81
2	1	48
3	7	69
5	5	77
1	7	80
7	2	44
3	1	32
0	0	62
0	3	66
1	3	52
4	5	66
1	5	62
2	5	57
3	6	87
2	3	75
0	8	87
1	3	40
3	2	48
3	5	48
0	4	53
0	4	84
5	6	42
5	4	41
1	6	80
4	1	24
3	1	46
0	5	96
0	4	72
2	5	149
1	7	93
2	5	72
1	1	32
0	8	52
1	5	76
1	0	35
0	2	83
2	1	27
1	2	65
1	7	87
1	6	57
2	10	103
4	5	52
2	3	55
7	2	67
4	2	42
4	2	44
1	4	65
9	1	43
1	4	66
7	1	41
1	0	51
0	8	87
1	4	44
1	3	50
5	8	74
0	3	72
5	2	39
2	4	56
3	3	69
0	3	54
1	5	71
4	5	50
1	2	68
3	4	49
0	1	44
1	3	64
4	5	93
5	3	79
0	1	78
2	8	94
4	4	99
3	7	72
6	1	40
0	0	114
6	3	67
2	1	70
0	2	99
2	1	31
0	3	61
1	6	60
2	3	68
1	4	128
1	4	72
0	6	114
3	1	58
0	0	49
1	1	36
1	3	47
1	3	58
0	1	95
2	3	55
1	5	78
4	4	43
4	4	69
2	8	96
1	9	103
4	4	63
1	12	131
1	1	43
0	3	115
2	4	76
1	6	83
1	4	53
0	1	72
2	5	70
0	4	87
0	3	72
9	1	50
3	2	42
6	4	42
7	6	88
3	2	78
2	7	74
0	1	36
1	1	19
3	3	41
0	5	123
1	8	60
0	1	66
5	8	80
0	3	75
2	5	64
1	2	53
5	5	56
4	6	69
1	3	45
1	7	109
1	7	93
3	4	55
3	5	65
0	4	107
3	5	68
4	1	41
1	5	74
3	4	68
1	4	33
2	2	61
1	2	90
4	0	28
1	3	62
0	0	45
1	0	28
1	4	75
4	8	79
1	1	42
4	1	56
1	10	89
3	5	95
1	4	50
2	6	57
3	11	137
0	5	46
2	7	61
1	4	117
5	3	52
3	6	74
0	2	102
3	7	72
5	3	63
0	2	59
0	3	34
2	6	39
2	4	78
5	4	56
4	2	50
1	2	25
0	6	76
1	0	48
0	2	43
2	6	68
1	6	68
4	5	63
1	2	64
4	5	71
3	6	60
2	1	76
3	9	58
0	3	69
2	10	86
6	6	81
0	6	116
1	0	30
6	3	50
3	2	36
3	3	47
5	3	46
0	5	66
2	1	43
6	7	85
1	6	58
5	1	54
2	4	31
6	1	49
4	4	72
1	1	18
3	6	76
0	6	94
3	6	85
4	4	77
5	5	53
0	5	91
1	0	49
3	3	43
6	8	65
2	2	58
2	9	100
3	3	90
0	5	93
0	6	88
1	1	77
1	6	59
0	4	81
1	1	55
3	6	84
1	6	69
1	6	103
2	7	78
0	6	69
7	6	52
0	2	57
3	5	88
2	1	75
0	5	102
7	1	66
2	3	95
1	5	51
2	8	87
0	2	41
0	4	78
1	6	101
0	2	53
4	5	76
0	6	74
1	0	44
1	3	67
4	5	62
6	6	56
1	3	63
3	5	76
0	2	59
2	3	122
2	4	43
4	5	67
5	4	80
1	0	43
1	3	58
0	3	64
3	4	53
0	1	26
6	0	33
5	3	9
1	6	50
2	8	49
4	4	76
0	3	41
0	1	51
0	1	46
5	6	96
3	6	61
3	5	58
1	2	80
5	2	44
3	4	90
2	6	69
3	5	64
4	4	123
1	1	44
6	5	55
8	1	80
7	4	58
3	5	78
0	6	95
0	3	87
3	2	24
2	3	77
1	4	83
4	1	55
4	4	44
3	4	68
1	5	77
0	4	86
3	4	50
0	1	32
0	4	53
1	5	75
0	6	73
1	4	96
2	9	112
1	4	78
0	3	77
2	1	34
0	2	49
0	3	90
1	5	56
2	4	66
4	1	77
4	8	91
3	5	40
0	4	56
0	4	77
6	4	44
1	2	77
3	8	128
2	2	62
2	5	48
1	3	115
5	2	55
1	2	33
2	3	78
0	1	57
0	3	51
0	8	126
1	4	65
3	3	64
2	8	89
0	6	96
2	1	44
3	3	63
3	7	48
1	7	118
3	6	126
4	3	84
1	6	73
1	1	77
1	3	64
4	3	55
1	7	104
3	3	48
1	6	95
6	4	55
2	0	40
2	5	64
0	5	74
0	6	96
4	5	82
4	12	102
0	2	80
4	1	30
1	4	102
3	4	84
4	4	70
0	4	70
4	3	28
0	2	64
4	4	33
0	5	91
1	4	78
2	1	74
4	4	91
3	4	91
1	5	89
0	3	79
4	6	74
2	2	59
1	5	97
1	2	87
1	1	64
3	5	56
0	3	75
4	2	25
1	4	94
0	1	73
3	0	75
0	2	61
3	3	100
0	5	77
0	3	58
5	7	68
4	4	41
2	6	79
5	7	122
3	2	76
1	0	69
2	2	61
1	1	77
6	1	43
6	2	28
1	4	76
4	3	59
1	2	69
5	5	92
4	1	57
0	2	66
2	5	81
3	2	83
0	0	50
1	2	60
1	5	85
2	6	81
2	4	47
0	5	97
0	6	75
2	2	51
0	0	48
0	5	79
2	3	40
0	2	90
1	8	83
3	6	67
0	6	76
1	3	57
1	8	111
3	5	42
1	4	95
4	4	69
1	2	57
3	6	71
3	5	67
0	1	37
1	3	58
0	0	43
2	0	31
0	4	73
2	2	45
3	5	67
0	2	33
1	5	47
0	3	25
3	2	35
1	9	72
1	5	76
7	5	48
1	3	65
2	6	84
0	2	40
1	3	72
3	4	52
0	1	66
0	1	49
3	7	39
2	3	49
1	3	42
2	5	63
5	4	50
2	4	68
1	1	45
5	4	90
2	3	73
2	3	54
0	9	69
4	6	96
1	1	84
1	7	80
2	3	51
3	0	19
3	3	58
0	4	65
3	3	54
1	2	108
5	2	76
3	5	64
1	2	57
0	4	48
1	4	40
1	5	83
0	2	47
2	3	55
1	3	87
4	6	91
1	6	97
2	6	76
0	8	104
1	4	55
3	4	45
1	10	106
1	2	66
0	3	41
1	3	59
0	3	34
1	1	78
2	3	45
0	8	98
1	5	87
6	3	54
1	4	59
6	6	49
2	3	95
2	6	95
2	6	91
2	2	46
3	5	85
5	7	132
2	4	76
5	3	70
1	6	48
2	2	64
4	3	88
1	2	94
5	5	55
2	2	73
1	5	104
7	6	50
2	8	107
6	2	93
0	8	85
1	5	74
2	2	70
1	1	64
5	4	92
3	2	59
1	9	94
1	3	84
0	1	70
0	6	81
4	3	99
3	4	81
6	1	55
0	1	60
4	2	43
3	3	47
4	2	81
4	2	104
2	4	68
1	3	68
3	1	46
5	4	75
2	1	62
0	1	58
2	0	44
2	4	76
3	4	76
1	1	42
2	4	35
0	7	95
1	3	67
4	2	50
2	3	59
1	1	56
2	5	54
2	4	78
1	1	52
1	8	56
1	1	59
1	6	70
3	2	51
1	5	90
3	4	115
3	7	68
1	6	91
5	3	54
1	2	49
3	7	73
3	2	65
3	4	73
2	4	51
0	2	76
5	7	55
4	11	90
2	9	67
3	4	66
3	7	64
2	1	72
3	4	47
0	2	54
5	1	44
1	0	48
1	1	65
1	3	55
5	9	88
3	2	75
5	3	78
1	4	64
2	9	94
6	4	60
3	7	90
1	3	74
3	8	100
2	2	77
1	5	71
3	6	70
0	4	27
4	2	54
3	6	63
1	2	67
1	5	76
4	2	68
2	6	95
4	7	101
4	3	70
5	0	46
0	5	67
0	9	84
4	1	53
4	4	69
2	4	61
0	3	89
1	1	79
1	0	26
0	3	81
1	3	44
4	5	68
2	0	37
1	2	59
0	4	45
1	3	78
0	2	53
1	3	40
8	4	53
4	1	40
5	7	59
0	3	45
3	2	35
1	3	100
0	4	81
0	8	114
2	3	54
0	2	73
2	3	69
2	2	18
2	3	64
0	6	82
5	2	63
4	10	104
0	3	66
6	3	75
3	3	81
1	3	51
1	6	102
0	5	70
2	5	97
0	4	55
1	2	49
1	7	72
3	3	61
2	4	94
4	7	48
1	3	38
2	6	82
6	2	62
2	1	59
3	2	63
3	0	36
3	3	49
0	2	51
4	3	25
1	3	79
4	3	52
1	2	57
4	6	46
1	3	66
1	2	59
3	3	67
2	2	42
0	3	81
0	2	103
0	6	112
1	2	38
1	6	89
1	1	29
0	9	89
1	3	54
3	3	79
1	9	100
5	5	53
1	2	86
4	2	59
6	6	77
2	4	88
4	8	76
0	4	56
2	7	74
0	1	74
1	8	60
3	4	102
4	3	51
1	5	102
2	3	59
0	4	31
2	8	117
4	4	72
1	4	55
5	5	69
0	6	103
2	6	51
2	4	83
3	5	76
3	2	76
1	9	83
2	4	54
1	2	88
1	3	80
1	4	49
0	4	89
1	2	40
3	6	67
1	2	59
2	2	95
0	2	76
1	9	93
6	2	29
1	1	45
2	2	52
1	4	70
3	4	37
1	5	79
1	5	66
3	6	106
3	4	38
3	7	71
4	2	64
1	3	52
0	4	97
2	2	35
3	4	65
0	4	63
0	5	89
4	4	66
2	3	85
1	6	86
6	4	76
0	3	56
1	3	43
4	3	42
0	3	76
0	1	61
0	1	55
4	2	44
2	9	124
1	6	81
4	2	47
2	2	56
2	9	66
1	2	42
1	8	79
1	3	73
5	4	65
2	1	51
0	2	40
3	4	61
0	12	100
2	2	72
2	3	46
0	5	80
0	3	55
1	5	84
5	2	41
0	3	48
4	2	69
8	2	48
1	5	72
5	3	67
4	3	71
0	1	42
0	7	75
2	5	59
6	1	51
5	4	51
3	8	80
2	5	69
1	6	79
4	5	67
0	2	58
0	4	43
6	2	39
6	4	84
0	4	109
4	4	68
0	5	67
1	5	40
0	3	80
0	6	91
2	1	53
4	3	48
3	5	45
2	2	39
1	12	107
2	6	50
0	6	92
5	4	47
4	5	88
3	2	44
3	3	51
2	1	71
2	1	40
5	5	55
0	2	42
4	3	43
0	5	65
1	1	46
4	2	60
2	6	118
1	5	72
3	3	104
0	6	60
2	3	67
0	9	112
4	11	111
1	4	84
0	7	84
0	4	77
0	2	72
0	4	105
5	3	39
1	3	63
0	2	98
0	3	74
1	6	71
2	3	53
3	7	71
0	5	63
1	2	84
6	4	55
4	3	52
1	1	64
2	4	73
2	6	64
1	0	37
2	6	72
0	4	47
0	4	79
1	2	39
0	1	102
5	3	64
0	5	85
0	3	61
1	3	59
4	5	79
0	4	76
2	2	72
3	4	44
0	4	84
2	3	57
3	5	51
3	2	54
5	3	86
1	4	108
4	0	48
8	3	50
0	5	54
4	8	124
3	3	59
2	5	55
5	5	79
2	5	60
5	0	47
3	3	54
7	0	25
1	2	64
3	4	46
1	3	72
5	5	70
0	7	73
0	4	76
4	4	62
3	2	68
1	3	46
2	1	76
0	2	64
2	2	87
0	3	78
1	6	92
3	1	54
1	8	111
0	1	68
5	2	44
2	4	60
1	5	94
1	6	79
5	1	33
2	2	54
1	1	77
2	4	55
1	0	66
1	4	61
1	7	63
0	3	54
3	0	50
3	4	50
5	5	62
1	1	62
1	4	45
3	7	70
2	6	96
0	2	36
4	3	63
0	2	44
1	6	62
0	2	61
2	9	88
1	4	68
2	2	48
3	4	47
4	2	53
0	4	57
3	2	68
1	4	94
1	2	88
1	3	70
1	0	42
0	5	40
1	6	99
8	7	54
3	1	50
4	3	47
1	3	88
4	3	87
1	3	65
1	3	74
5	3	110
2	3	59
1	3	86
0	1	45
4	5	31
2	3	37
0	2	60
0	10	103
4	3	91
3	10	83
1	4	72
2	6	73
2	2	44
0	8	110
0	1	53
2	4	78
2	5	123
3	2	69
2	0	43
2	4	72
2	0	43
5	2	29
1	6	51
0	4	95
1	5	69
2	2	75
7	4	67
2	2	66
2	3	47
0	1	38
1	1	61
1	9	90
2	4	69
1	4	49
2	2	42
1	5	62
2	5	101
2	6	74
2	3	46
0	4	61
0	6	61
6	7	78
2	3	98
2	6	113
5	4	53
0	2	46
2	3	64
1	1	61
0	5	71
2	2	54
5	3	30
2	3	97
3	5	48
3	4	58
3	2	34
2	2	65
0	1	56
0	4	55
2	1	39
2	3	57
0	4	120
0	5	56
0	3	51
0	3	68
2	7	104
0	3	63
1	5	86
1	6	66
4	2	56
1	1	31
5	6	81
0	11	77
5	3	76
3	6	65
0	6	128
5	7	67
5	4	72
2	0	53
1	4	42
0	5	40
2	2	62
3	5	66
1	3	91
0	2	46
0	0	31
2	5	73
3	0	34
2	3	68
3	5	64
4	1	53
4	1	39
4	2	62
4	2	49
0	2	85
2	3	105
0	3	81
4	5	62
0	3	84
4	6	53
1	3	43
4	2	90
2	7	64
0	3	70
1	7	111
8	1	46
1	4	85
3	4	61
4	1	50
0	2	125
0	2	30
1	4	75
0	6	83
4	5	120
1	6	63
3	8	103
8	2	68
3	2	71
2	4	72
2	10	103
4	1	73
1	2	69
2	2	38
0	0	38
0	6	83
3	3	82
0	5	60
0	6	95
1	5	73
4	7	61
1	4	79
2	3	52
1	9	91
2	5	76
1	4	42
4	4	84
1	3	71
4	2	44
7	8	70
3	5	74
3	2	58
0	3	67
0	6	115
1	4	73
4	1	48
1	4	93
2	3	54
8	9	80
5	6	70
3	5	63
3	2	57
2	4	53
1	3	83
2	2	65
2	3	45
5	1	50
1	6	92
1	5	92
1	10	123
3	4	93
4	2	59
3	1	83
1	5	78
0	4	61
2	5	105
3	3	17
1	2	46
2	2	58
2	3	69
1	3	59
2	3	79
1	2	60
5	3	74
3	4	47
2	5	22
1	5	82
2	2	58
0	2	53
2	7	69
1	5	71
1	5	51
2	4	71
3	2	26
1	5	76
2	3	37
1	8	102
0	1	56
3	9	106
0	4	73
0	4	74
2	9	79
0	3	63
3	4	56
2	5	58
4	3	59
0	3	86
0	2	52
0	3	48
8	5	82
3	2	67
2	0	43
5	3	85
0	1	66
0	5	67
8	2	59
0	2	24
1	5	35
4	8	98
5	5	60
1	7	128
4	5	66
1	4	62
5	1	29
2	5	71
1	3	74
4	3	64
1	2	50
0	7	98
2	4	68
0	3	48
2	5	103
3	1	46
4	5	93
4	5	61
6	5	76
0	5	82
1	1	59
1	1	42
1	6	54
2	3	41
3	5	92
2	2	38
3	8	102
3	5	40
0	3	79
1	2	57
8	5	69
8	5	45
0	2	57
2	4	80
1	4	67
0	2	64
0	1	50
2	4	56
4	5	40
3	3	36
2	0	40
2	4	73
4	5	48
2	6	62
3	2	55
0	4	65
1	2	64
2	2	86
0	1	45
4	4	53
0	2	53
0	8	107
4	3	47
1	4	53
4	1	61
1	5	136
0	4	64
3	2	86
8	1	64
3	4	59
0	2	87
0	3	116
2	1	45
0	1	35
2	2	75
2	2	40
3	4	72
0	9	104
3	1	61
2	5	82
3	1	43
6	4	73
0	2	26
6	5	34
1	1	53
2	4	73
2	1	64
0	5	61
5	2	70
2	4	78
0	9	95
1	5	71
1	5	114
1	5	54
0	4	46
2	2	40
1	4	72
2	5	96
0	7	79
3	6	45
3	0	41
5	3	52
0	9	88
3	1	48
1	4	77
0	4	82
5	4	64
4	1	29
0	8	82
8	6	21
0	5	79
3	5	62
2	2	75
1	4	106
0	6	163
5	9	64
0	6	94
4	3	45
3	1	61
4	3	69
0	4	54
1	1	40
6	3	41
3	4	56
5	2	69
3	3	53
1	5	80
1	3	86
1	1	86
3	4	71
2	4	85
1	5	104
1	2	91
2	3	64
0	2	47
2	4	62
1	2	53
2	7	96
1	5	71
4	8	102
3	3	60
1	5	82
2	0	55
0	3	60
3	2	73
0	3	58
3	3	72
7	4	59
1	1	73
0	5	69
3	1	53
3	1	30
0	4	55
0	8	107
2	0	39
0	2	73
0	3	54
3	2	52
2	6	74
1	5	69
3	1	51
3	6	78
4	3	58
1	2	40
1	1	62
2	2	62
1	1	43
4	4	83
1	7	71
2	1	42
0	5	75
0	3	94
0	4	73
1	0	61
4	3	36
2	3	76
0	3	55
1	1	87
4	3	105
1	2	49
4	4	145
0	3	57
4	9	72
1	4	41
1	1	41
0	3	58
1	7	108
0	2	76
6	3	57
3	7	118
0	4	70
2	3	36
2	3	80
1	7	66
0	2	60
5	5	94
1	2	63
0	5	83
2	2	52
0	6	110
1	3	71
2	2	67
3	3	64
3	6	77
3	6	106
0	4	81
4	6	69
5	10	135
3	3	59
2	4	71
2	3	67
4	1	72
1	2	40
5	5	94
1	3	61
4	7	75
2	3	111
2	3	64
1	5	76
3	3	84
1	2	56
0	4	91
3	4	69
1	5	80
1	6	77
3	4	64
1	3	70
6	2	59
3	6	53
4	2	19
1	7	78
3	1	56
2	2	48
4	3	29
3	5	43
0	4	66
1	1	48
3	6	106
3	5	62
2	5	53
6	2	64
1	5	46
0	9	90
6	5	56
0	7	63
3	2	36
1	4	51
0	0	68
4	7	95
2	1	58
3	1	81
1	1	60
4	0	56
6	6	120
5	3	48
3	5	83
1	7	71
0	7	88
3	2	56
4	3	51
3	4	62
1	1	56
4	5	62
1	3	74
3	2	61
3	2	40
4	4	61
3	3	54
3	4	73
2	3	87
0	2	78
1	5	82
6	2	58
2	8	111
0	3	32
3	4	46
0	1	54
3	5	90
0	5	51
0	3	54
1	2	74
1	2	76
2	5	60
0	1	37
3	2	49
0	3	38
6	3	45
0	5	82
1	0	42
6	3	64
3	4	63
1	4	49
0	3	76
4	6	93
5	4	30
4	1	56
3	5	37
3	4	30
0	2	61
4	2	43
1	4	68
2	5	43
5	2	79
1	3	77
2	7	107
0	4	86
2	6	66
4	7	82
3	5	74
3	5	73
5	4	49
2	6	80
4	2	66
1	4	72
6	2	66
1	7	133
2	2	62
0	9	101
1	4	69
0	3	55
1	7	77
4	3	55
4	4	38
0	1	61
4	2	38
2	4	52
4	3	37
3	5	67
4	1	65
1	5	79
0	2	66
0	2	38
5	2	38
1	6	48
2	2	71
1	2	56
2	3	76
4	8	47
2	4	95
1	4	72
0	2	36
0	4	88
3	6	72
4	4	83
6	3	41
6	7	59
6	6	82
2	5	80
2	2	48
0	2	69
9	3	59
1	3	59
0	6	56
4	0	54
4	4	79
1	3	61
0	3	110
0	6	90
4	3	73
2	7	67
1	5	95
0	1	58
0	9	57
2	1	33
4	3	85
3	4	81
4	3	39
2	4	52
0	7	58
0	5	59
3	7	78
2	4	21
1	1	88
0	5	87
3	5	110
6	1	55
1	5	82
2	3	44
0	1	52
2	2	71
1	5	67
1	0	50
1	2	70
6	3	50
0	1	57
1	5	79
2	2	76
7	4	58
0	2	62
1	3	58
1	8	60
2	3	62
1	2	87
5	7	63
0	4	94
1	1	84
3	6	65
3	2	38
1	3	81
4	6	54
6	3	57
2	3	38
2	1	49
2	3	82
2	6	55
0	5	81
0	4	79
1	4	57
2	5	90
2	7	51
2	5	60
2	3	42
1	1	69
1	2	46
1	3	56
4	2	54
1	2	73
0	3	62
5	4	41
0	2	34
4	6	30
2	3	39
6	6	62
1	4	67
6	4	60
2	0	51
2	6	92
1	4	58
0	2	80
2	4	107
3	4	75
2	6	58
1	3	45
0	1	45
1	1	41
2	5	85
4	4	82
1	6	61
0	7	75
1	1	74
1	1	54
2	4	51
3	4	59
2	3	59
2	2	82
6	2	29
4	5	61
1	5	43
3	2	81
3	3	53
1	5	79
0	6	118
0	2	56
3	3	85
0	1	56
3	5	82
1	2	84
0	4	52
2	2	32
1	2	65
0	1	54
3	3	69
2	9	56
3	4	79
3	7	48
2	6	58
1	2	47
2	3	42
4	4	75
0	7	105
0	4	59
0	4	58
0	6	90
0	2	42
3	2	55
1	1	97
4	2	46
6	3	63
1	8	112
0	3	64
4	2	87
0	6	121
4	6	86
2	3	57
2	7	61
1	8	113
4	5	56
0	2	32
0	5	62
4	6	56
4	7	112
2	7	95
0	8	96
8	2	53
2	6	40
2	3	79
7	2	69
0	4	96
1	8	96
0	3	45
2	1	59
4	5	56
2	2	61
3	5	64
2	4	86
1	5	44
0	5	64
0	0	54
0	7	102
2	1	56
0	3	61
5	5	57
1	2	34
6	2	35
3	3	59
6	5	73
3	5	67
3	2	54
2	4	23
2	7	66
1	1	88
3	5	49
0	2	36
0	4	75
0	1	47
3	5	90
1	5	39
1	0	31
3	4	65
3	0	52
0	2	82
2	5	69
2	1	28
0	3	76
2	4	38
2	5	52
3	5	43
2	5	80
3	9	66
0	4	79
0	4	79
1	3	81
0	5	79
3	1	45
0	9	154
2	4	66
0	5	60
6	1	53
0	4	58
1	4	62
3	2	59
3	2	44
0	5	56
5	3	74
4	1	66
4	2	71
2	2	54
0	4	63
0	6	72
4	3	67
0	3	69
0	5	62
4	5	46
4	5	105
2	5	62
2	7	97
2	4	82
1	9	91
3	3	101
3	2	46
3	4	38
4	3	40
2	2	68
0	4	35
0	6	75
2	6	72
0	8	105
4	5	62
4	3	74
1	3	51
3	3	74
7	3	38
2	3	64
1	3	60
2	1	70
4	4	78
0	3	55
1	6	59
3	5	68
3	1	31
1	4	31
1	3	70
3	5	34
1	3	59
3	3	92
0	5	76
6	1	59
2	5	89
3	1	30
0	4	76
3	3	64
1	8	75
1	2	71
0	5	69
1	4	52
7	5	64
0	4	98
1	9	106
2	5	87
0	4	51
2	5	67
0	4	93
4	3	88
4	2	84
2	3	40
3	1	41
1	4	79
0	1	47
6	8	83
2	3	29
1	6	61
3	4	71
0	5	60
6	2	40
3	3	62
8	3	68
2	6	65
1	1	58
2	5	79
0	10	92
8	6	56
1	2	31
0	2	55
1	7	89
1	8	97
3	4	78
0	4	72
1	6	55
5	3	77
0	2	70
5	2	81
6	3	39
4	2	70
2	3	73
0	9	91
0	0	55
1	5	68
3	0	35
3	5	75
1	1	32
1	1	60
0	1	47
2	10	71
0	1	44
0	6	69
0	2	77
4	5	55
3	4	59
1	3	65
4	4	82
2	6	44
3	4	64
2	5	87
3	3	47
2	2	38
7	5	63
1	1	77
4	5	46
1	8	83
0	3	47
3	10	74
4	5	82
1	1	81
2	3	76
0	0	13
5	4	54
7	5	68
1	6	94
2	1	56
3	4	57
0	3	50
3	2	31
2	4	65
3	3	46
4	4	100
1	4	39
5	3	88
4	3	52
0	4	93
0	2	73
1	2	85
1	2	58
1	3	88
4	4	47
1	3	59
2	2	60
0	5	61
1	5	84
0	6	78
1	5	39
2	2	91
1	8	84
0	2	54
0	8	88
0	4	63
4	5	39
1	3	65
2	5	50
1	5	82
0	5	111
0	2	55
4	4	70
4	5	61
4	4	40
11	5	56
2	3	63
1	3	32
2	1	61
2	4	71
2	2	51
5	2	66
0	4	107
3	1	98
8	2	85
4	3	29
3	4	60
1	3	51
0	5	99
5	8	62
6	2	43
2	1	25
1	2	49
1	4	66
4	5	29
2	1	50
4	7	94
4	2	60
0	1	50
4	4	109
0	9	88
2	1	47
1	6	94
2	3	41
5	1	38
0	6	88
3	2	66
0	1	82
1	6	117
0	5	65
3	4	66
0	7	97
3	3	25
3	3	68
0	6	42
3	6	57
4	3	60
1	6	72
3	1	25
0	6	132
2	3	53
2	3	38
0	7	72
0	5	72
0	1	51
0	2	64
0	5	90
3	4	45
1	7	129
0	3	71
3	8	113
2	9	108
4	3	30
1	9	113
4	4	60
9	5	50
0	4	79
0	0	43
5	4	83
4	3	71
4	2	69
3	10	75
2	3	35
0	6	65
3	6	63
0	8	75
1	3	69
0	2	52
0	3	73
4	5	92
0	1	37
0	6	80
3	4	60
6	1	73
3	1	52
3	8	71
0	4	77
6	3	64
0	3	57
3	6	72
4	2	40
3	5	82
2	0	47
3	4	51
2	9	58
4	1	45
4	4	75
2	4	71
6	1	66
2	2	69
4	6	33
2	3	38
5	1	35
0	3	71
0	3	40
6	0	34
0	8	75
4	1	71
3	7	57
0	6	72
1	9	56
1	6	69
1	4	60
0	9	87
3	6	29
2	3	44
4	7	51
2	6	62
1	5	52
0	4	78
2	3	37
0	0	40
0	2	50
1	4	77
1	2	48
4	3	39
2	6	68
4	5	77
0	9	73
1	4	92
0	1	57
7	5	32
3	5	63
1	3	45
0	2	65
0	7	117
4	0	44
5	3	70
5	5	54
1	3	93
0	3	79
0	5	66
2	6	69
7	2	32
1	10	102
1	7	59
2	8	67
0	7	96
3	2	57
1	5	93
1	4	88
1	4	66
0	5	32
2	2	89
3	0	40
2	3	50
2	4	58
1	2	84
2	2	83
3	8	129
3	2	36
0	2	56
2	1	45
4	4	88
2	2	37
0	2	43
3	3	80
1	5	35
2	2	46
4	1	73
7	3	50
2	4	48
0	3	63
0	3	41
2	2	59
3	6	82
3	6	62
4	2	61
4	3	58
3	8	75
0	6	72
4	5	46
0	2	84
3	4	119
6	2	37
5	1	35
2	4	63
1	4	78
2	4	84
1	4	60
2	6	76
1	2	87
6	4	97
6	7	100
1	5	62
3	4	90
2	6	78
4	10	79
3	2	45
3	0	32
4	3	74
3	4	82
4	5	29
0	4	52
3	8	69
0	6	71
4	4	124
1	6	72
0	3	40
2	9	100
0	1	72
3	3	56
1	5	66
2	4	41
0	2	29
1	1	41
5	6	57
0	5	89
1	3	95
0	3	64
0	6	90
3	2	45
0	6	108
7	4	62
1	6	58
0	1	42
2	6	52
4	5	83
4	4	53
5	6	89
2	3	52
7	3	39
3	2	60
2	3	46
0	6	68
0	5	55
0	5	51
0	4	94
2	0	27
4	8	74
5	4	83
2	3	71
1	3	65
2	4	50
4	6	79
1	1	38
3	3	28
0	4	83
0	5	62
2	6	64
2	4	65
3	3	75
4	6	52
4	0	52
1	2	50
0	2	55
1	4	35
5	2	90
0	4	71
0	1	52
0	9	82
0	5	54
0	3	90
1	2	56
3	3	69
3	5	71
0	4	56
2	2	74
2	1	46
0	4	54
1	11	111
0	2	78
0	7	109
2	4	61
3	0	37
1	5	108
0	3	79
1	3	50
1	3	62
0	1	41
4	1	49
2	1	61
4	4	79
2	4	55
2	3	69
4	4	61
2	5	72
1	7	106
3	5	108
0	3	57
1	6	75
3	8	62
2	3	66
0	5	54
5	3	54
2	3	79
5	3	55
0	3	50
1	2	38
3	2	42
0	2	59
2	2	58
1	6	61
3	2	57
4	5	99
1	5	83
0	0	46
0	3	60
1	4	49
0	1	40
0	1	78
3	0	58
4	7	66
0	3	56
1	4	51
1	3	71
1	2	64
1	7	55
3	6	62
4	6	98
4	5	91
2	2	73
1	5	100
3	6	87
3	5	66
1	5	55
6	1	54
2	2	84
4	3	50
1	3	51
1	2	48
2	3	54
0	4	88
4	3	67
2	1	82
0	0	17
4	4	65
0	3	80
2	2	64
3	6	56
0	1	33
0	3	60
4	2	59
3	3	75
4	2	73
4	5	62
5	7	113
1	1	72
3	0	51
2	2	84
1	1	64
0	6	82
1	6	99
0	1	63
1	2	45
0	2	40
4	6	67
1	4	93
0	5	91
2	4	67
1	6	50
2	5	67
1	5	70
3	5	73
0	1	63
1	6	70
3	8	78
1	4	60
5	4	51
2	4	88
0	4	74
5	5	86
1	5	60
5	4	62
2	2	65
2	4	31
6	1	65
2	3	32
0	4	120
5	1	27
1	7	69
3	6	67
3	5	87
3	3	61
0	2	86
0	5	55
2	0	54
2	1	62
4	7	86
4	1	61
2	0	48
5	1	67
3	2	54
0	2	74
0	4	54
2	2	68
4	5	79
2	1	57
0	0	31
5	2	75
1	1	80
3	4	74
0	6	77
4	6	60
1	2	64
4	1	49
2	1	47
1	4	55
2	4	69
0	1	46
1	3	70
4	6	64
3	4	48
1	5	64
9	9	102
1	4	42
1	3	47
0	6	47
2	1	61
4	3	81
4	2	40
1	6	109
0	3	35
1	4	118
4	3	65
4	1	25
0	3	69
1	5	70
2	3	53
0	5	77
1	6	85
1	3	64
3	3	40
1	4	69
4	5	79
3	2	66
2	2	62
2	6	81
5	1	41
4	4	87
0	4	80
2	0	26
2	2	80
3	3	62
2	3	56
0	6	54
8	5	77
3	7	68
4	1	66
0	6	80
0	9	100
7	4	40
0	5	73
1	2	71
3	3	60
1	3	63
3	3	70
0	3	77
2	4	98
2	4	107
6	2	78
2	5	95
2	8	83
3	4	63
5	3	69
2	3	60
6	3	60
2	2	46
0	1	61
1	7	61
3	7	58
1	5	128
2	4	66
2	6	52
1	1	67
4	9	97
0	6	122
3	8	98
0	2	36
1	1	50
1	3	78
0	4	61
0	5	70
0	4	77
3	5	52
0	0	54
6	5	65
3	7	53
0	4	73
1	4	45
4	1	57
2	3	44
1	2	58
0	2	42
0	4	71
0	4	77
1	3	37
2	1	50
3	3	36
0	5	75
0	2	67
2	3	36
3	4	95
1	1	44
0	1	61
1	5	64
4	3	112
2	1	36
0	3	33
4	6	48
0	6	58
0	3	57
0	6	79
4	3	52
6	4	53
2	0	25
4	5	53
2	3	96
0	7	79
2	1	69
2	3	56
9	4	53
2	3	55
1	3	60
0	5	75
3	6	77
2	4	69
0	4	73
2	7	93
5	6	74
3	5	59
0	5	73
1	2	56
1	4	50
3	6	72
2	0	43
3	3	32
2	3	52
0	5	76
5	9	99
0	5	60
0	4	56
1	4	62
2	5	83
2	1	31
1	3	81
2	2	67
0	5	58
2	1	40
0	4	39
2	7	117
1	2	61
3	5	69
1	1	55
2	8	77
7	4	43
1	2	74
1	2	53
1	1	33
6	4	58
0	9	79
0	6	74
2	3	60
2	6	23
4	2	33
0	6	80
3	6	99
1	5	59
0	1	53
2	0	51
5	3	44
1	2	62
1	1	63
5	1	49
3	1	46
5	8	106
1	2	42
1	4	32
1	3	46
3	2	45
1	1	55
3	3	104
1	1	32
2	3	86
6	1	78
1	1	70
0	5	81
1	2	76
4	1	53
5	6	90
0	1	70
3	4	57
0	6	72
1	1	46
4	5	106
1	7	69
2	5	51
1	6	77
0	1	48
1	8	103
2	2	41
4	6	69
0	4	73
2	7	93
5	3	48
4	5	59
1	0	63
1	3	67
2	4	66
4	1	51
1	1	81
0	6	95
2	2	44
2	5	71
1	4	53
7	6	57
4	6	66
2	4	100
2	7	44
0	5	92
0	5	94
0	3	40
5	2	62
0	4	83
3	4	68
0	4	53
0	7	72
1	2	40
1	7	68
0	2	43
6	4	52
1	6	86
1	4	82
1	1	38
2	1	72
5	4	58
2	4	44
1	3	57
2	5	50
0	10	113
2	6	101
1	2	36
0	3	80
0	2	53
0	5	64
0	4	71
0	5	51
2	2	109
2	6	56
3	2	64
3	7	91
3	6	47
9	2	72
5	2	30
7	5	41
1	4	74
2	2	56
3	1	97
5	4	87
2	7	89
4	2	85
3	3	77
0	2	44
3	6	52
5	2	41
3	4	70
1	4	95
0	7	46
6	6	63
5	5	52
1	3	83
0	4	71
2	2	45
1	0	59
1	7	92
0	0	59
7	5	70
1	3	74
3	6	73
1	4	60
4	1	28
2	4	76
6	4	62
4	1	28
2	8	99
2	4	64
0	1	71
1	8	96
6	4	33
4	3	63
1	13	55
1	3	64
0	0	39
0	3	43
0	2	99
6	7	107
1	2	45
6	7	90
1	2	47
4	0	57
5	4	61
0	2	48
2	6	77
3	4	60
6	2	51
1	5	97
6	4	61
0	2	48
0	1	62
1	3	90
1	5	75
2	1	57
0	8	64
4	4	50
2	7	122
4	5	64
3	5	77
5	2	16
2	1	29
5	1	45
2	3	43
1	4	74
2	8	69
2	2	38
4	3	88
2	6	83
4	7	67
4	1	76
0	2	47
1	6	77
2	2	64
1	0	33
1	5	76
5	1	55
0	8	113
1	2	54
6	3	56
2	2	85
2	7	98
0	4	54
3	5	64
1	3	37
1	5	96
1	1	45
7	1	31
0	0	57
1	2	67
1	4	87
0	1	32
0	4	88
3	2	45
6	6	33
0	6	95
5	5	76
2	2	50
2	5	56
0	6	72
1	3	82
1	6	90
0	3	95
3	3	73
1	2	56
2	3	53
0	3	63
1	1	52
2	3	68
7	7	61
3	7	108
2	2	71
0	8	51
1	5	96
1	5	76
3	3	76
0	6	115
0	1	76
0	4	53
3	4	59
3	2	72
3	8	130
4	4	60
0	1	64
1	2	41
2	4	50
0	5	88
0	4	55
3	4	69
2	3	92
0	3	69
5	3	63
2	0	33
4	4	42
2	3	43
3	0	63
4	3	38
1	2	73
3	4	52
4	6	46
7	2	46
0	2	64
5	5	59
7	1	65
2	1	120
2	5	62
6	6	80
2	3	79
0	7	90
4	4	52
5	4	79
0	4	53
0	3	54
7	3	47
0	3	80
4	6	71
3	10	130
0	2	60
1	4	67
4	2	44
0	6	80
1	5	61
1	5	81
1	3	63
6	5	61
0	0	84
0	4	73
0	5	46
1	6	87
1	3	93
2	8	55
1	5	43
3	5	64
0	0	27
4	4	83
1	7	91
3	2	62
1	4	97
7	4	49
0	5	68
0	4	89
0	4	101
2	5	64
3	3	64
0	5	69
3	3	55
5	4	52
4	2	56
4	2	56
1	6	61
4	7	92
0	4	66
0	0	42
2	5	53
2	9	77
5	8	75
2	4	96
1	4	64
1	2	55
3	1	32
3	1	61
5	6	83
2	0	97
2	4	48
2	3	36
0	5	47
8	2	56
5	4	64
0	2	83
3	3	69
8	3	68
0	2	67
2	1	48
1	3	84
1	5	36
3	2	48
3	2	71
4	2	64
0	2	49
0	3	82
0	2	58
3	2	67
3	6	45
3	2	85
6	3	64
2	3	43
1	6	97
3	1	59
2	6	100
3	8	60
1	1	48
2	5	47
0	4	112
2	4	40
5	7	41
2	5	63
0	4	55
2	1	30
1	3	75
0	9	96
2	2	50
4	8	115
0	5	85
2	5	45
1	4	90
2	4	52
1	4	47
0	3	101
0	3	92
2	2	35
4	5	85
0	4	77
5	2	65
0	5	83
2	5	78
1	6	111
1	0	51
0	3	80
6	5	92
3	1	49
1	4	93
0	2	30
4	1	66
0	1	47
4	6	81
5	2	63
1	3	56
1	4	73
1	7	53
1	3	48
3	6	59
3	0	24
1	7	70
3	4	54
7	1	69
0	5	63
2	2	46
2	2	39
0	4	63
7	1	33
2	4	70
3	5	85
0	8	91
2	2	59
2	3	69
2	3	60
3	2	64
2	4	75
3	3	35
0	2	81
3	1	55
0	4	53
3	6	70
4	2	54
2	3	77
0	5	52
2	1	66
4	3	62
2	4	71
3	8	78
1	3	75
0	2	71
4	3	60
0	4	98
3	5	93
2	8	86
1	1	50
2	4	50
1	3	64
3	5	57
2	0	49
3	4	81
5	1	27
3	6	62
2	6	75
0	6	67
6	4	67
5	2	34
2	3	27
10	6	44
2	4	68
0	4	84
0	2	47
1	4	77
5	3	39
1	5	78
2	4	47
6	2	44
0	3	78
0	2	81
2	1	43
4	3	35
3	4	73
1	5	79
2	2	81
5	4	45
5	6	76
1	6	72
2	5	71
3	2	63
5	5	46
2	5	96
3	2	57
3	3	34
2	2	22
0	3	76
0	9	90
2	2	46
3	3	51
5	4	104
3	6	96
0	6	77
3	7	80
1	1	47
1	6	66
1	2	45
3	3	25
0	3	53
0	5	89
1	2	69
0	8	78
0	3	49
2	7	78
0	2	90
0	1	50
1	6	77
0	3	67
4	4	52
5	2	82
2	8	60
2	1	65
4	6	58
2	7	111
2	1	17
2	1	32
1	8	124
5	4	63
2	3	50
3	3	67
2	4	73
3	3	52
4	1	41
4	6	76
0	3	55
0	4	57
2	6	105
2	3	70
1	10	100
0	3	124
2	3	80
2	1	56
2	2	75
0	4	86
1	1	36
1	3	132
1	4	98
2	6	83
0	4	81
4	5	72
5	5	58
2	1	69
3	10	131
0	3	77
0	5	93
5	2	74
0	2	86
2	2	57
7	11	79
1	4	54
0	3	85
5	2	58
0	7	81
1	6	98
0	9	74
2	7	57
3	4	64
0	1	75
3	8	91
1	5	112
0	4	69
6	2	64
1	2	74
5	2	47
3	3	56
0	3	59
2	2	90
4	4	44
2	3	22
0	4	78
0	5	67
1	5	65
1	2	16
1	2	67
5	8	68
0	6	77
0	5	62
1	2	33
0	4	73
0	10	83
0	5	108
1	2	34
4	4	70
3	9	98
3	4	89
0	5	66
4	4	80
1	5	66
4	3	76
5	0	36
4	3	70
5	3	23
2	3	51
3	3	66
3	1	58
0	3	98
4	6	82
2	4	29
1	2	55
0	4	70
3	7	93
7	4	93
2	5	71
2	3	68
0	3	92
2	0	55
4	1	51
0	1	59
1	2	47
0	3	87
0	6	63
4	2	64
0	4	74
3	3	61
4	6	93
3	2	57
1	5	69
0	5	68
2	1	49
1	2	72
4	2	55
1	4	75
1	2	61
2	6	91
1	1	37
6	4	68
5	6	130
1	6	66
0	3	72
2	6	37
0	1	30
4	4	66
2	4	91
4	3	28
1	5	59
2	4	44
2	6	86
3	3	64
0	2	58
8	6	45
1	5	44
0	5	138
1	1	48
2	9	104
2	2	63
1	6	99
2	2	42
1	2	49
2	1	45
4	6	144
0	3	80
2	3	59
4	2	69
1	5	45
2	2	62
0	5	76
1	4	78
4	5	86
1	2	75
1	1	59
2	6	87
3	5	43
1	2	66
2	1	78
2	3	70
0	2	51
3	9	82
1	3	90
1	2	48
0	2	60
0	8	64
3	3	74
4	9	75
1	7	97
5	7	88
3	7	69
0	2	52
3	6	52
6	5	45
0	0	45
7	9	46
5	10	91
2	5	81
5	3	73
2	2	73
1	2	52
0	4	83
2	3	43
0	5	45
2	3	51
2	2	56
1	4	81
2	1	65
0	2	44
1	1	55
3	0	38
1	6	76
7	4	51
0	3	41
1	8	101
0	4	78
4	6	62
5	6	69
2	2	66
3	4	81
1	2	53
5	5	56
2	0	24
3	2	51
2	3	26
2	3	81
1	1	74
1	4	48
7	5	92
3	4	64
3	8	96
1	6	75
1	2	51
2	3	85
0	4	53
2	2	78
2	0	51
0	4	55
0	3	50
4	1	48
5	1	68
0	4	87
8	3	62
1	1	32
1	1	38
0	3	58
0	2	18
2	9	117
1	1	48
1	3	68
3	3	31
1	1	63
0	3	65
5	2	64
5	3	73
0	2	64
0	3	61
2	5	51
3	1	46
3	3	69
0	5	62
2	6	71
3	2	61
3	8	94
2	2	47
2	1	80
3	0	63
1	0	69
0	2	61
4	5	107
2	4	65
3	3	89
1	2	109
2	1	40
1	2	49
0	2	48
3	5	80
0	6	57
1	5	100
1	3	65
0	3	55
5	5	55
0	2	71
2	1	52
0	0	62
3	5	57
1	2	91
2	1	47
1	3	50
5	1	48
1	4	44
2	4	69
1	2	80
3	8	92
3	3	46
1	9	70
2	3	92
0	2	70
4	7	72
0	2	64
5	3	80
1	4	52
2	1	46
2	4	81
2	5	64
1	7	86
2	4	70
0	4	64
0	2	59
2	5	67
2	0	40
4	2	66
0	5	56
0	3	86
0	1	70
4	3	39
4	5	40
0	1	92
1	4	70
1	5	92
4	6	115
5	5	85
4	1	55
3	3	79
1	0	29
0	4	49
0	5	98
0	6	100
3	3	84
1	1	45
2	4	36
4	5	62
4	4	36
0	4	68
2	6	60
0	8	93
3	6	71
0	2	55
0	4	59
5	10	62
1	3	67
1	3	95
4	3	32
1	3	68
1	5	112
6	6	54
2	3	38
3	4	75
7	3	85
0	4	75
2	5	56
2	5	89
0	3	63
4	7	94
1	3	85
0	3	55
3	3	99
3	1	47
0	5	51
0	4	51
2	4	83
6	8	111
0	0	42
1	3	87
0	4	90
0	3	73
1	2	62
0	6	82
0	5	68
2	3	32
2	0	55
8	6	76
0	9	73
1	1	53
0	4	95
0	4	65
0	1	61
0	6	64
0	5	91
2	4	65
0	2	44
0	1	64
3	3	60
2	5	74
0	1	66
2	0	24
1	7	112
1	2	77
5	3	45
1	2	75
4	5	76
1	6	83
0	4	55
3	5	95
2	7	83
2	0	59
1	0	48
1	6	92
2	2	54
1	7	84
1	5	69
2	8	99
5	2	53
1	5	88
0	4	62
1	3	74
4	3	40
1	9	66
1	9	104
0	1	48
3	5	57
1	1	13
1	2	58
5	3	50
4	6	68
5	3	80
4	5	76
0	6	107
1	3	50
0	3	46
4	5	60
5	1	65
0	0	43
4	5	106
6	3	60
1	2	79
1	6	79
0	1	40
0	6	61
1	4	83
7	4	72
2	8	112
0	3	75
1	0	71
3	3	64
1	9	89
0	2	82
3	5	49
2	0	38
3	2	67
4	7	77
4	5	76
5	1	37
0	2	45
4	5	69
0	9	79
6	7	70
1	3	62
2	4	98
0	2	60
2	6	82
3	9	75
2	5	61
0	7	89
3	1	36
1	3	91
2	4	66
1	3	41
2	5	75
4	2	48
0	4	71
1	5	55
3	4	59
0	5	66
1	3	30
2	4	43
2	5	77
3	9	92
2	4	110
0	3	101
1	6	116
2	3	30
0	0	41
3	5	64
0	1	88
0	1	55
4	5	83
3	2	49
5	5	85
2	4	68
0	2	108
1	2	37
0	2	76
0	1	63
2	5	64
0	3	87
6	3	62
2	2	60
2	10	79
3	4	82
0	4	63
5	2	89
0	3	54
2	0	35
1	8	96
2	4	59
0	1	116
6	2	55
4	4	67
2	4	70
0	5	71
0	2	78
6	5	35
0	2	76
1	5	36
5	5	63
1	7	75
4	5	109
0	1	36
3	7	78
4	6	74
2	6	57
4	0	48
4	4	42
0	5	57
2	2	60
4	3	52
0	5	95
2	2	60
3	1	18
1	5	48
0	4	94
2	7	64
4	5	40
1	5	98
0	3	67
4	6	100
5	5	93
5	4	31
2	2	27
6	1	49
3	1	56
1	3	76
2	0	55
5	0	37
1	2	68
4	3	41
1	8	83
2	10	109
0	2	66
0	3	68
2	2	61
0	4	68
4	2	60
0	1	28
0	6	84
7	1	43
0	3	58
1	2	85
2	3	47
0	2	64
1	1	67
4	3	51
0	4	72
1	4	73
1	4	59
0	1	64
1	8	81
3	3	50
6	7	101
0	7	77
2	4	81
1	6	78
5	5	48
5	6	47
0	4	55
2	1	56
5	4	53
2	7	63
1	8	100
2	1	63
0	2	51
0	4	57
3	4	82
3	1	39
5	9	99
2	3	61
2	2	67
3	7	72
0	4	50
0	0	41
3	3	62
2	4	90
2	1	31
0	3	55
1	3	70
2	2	36
2	5	73
2	3	70
2	5	75
4	4	70
0	6	60
0	3	58
3	4	58
1	2	77
0	2	43
1	5	55
2	6	85
9	4	68
0	3	79
0	5	67
0	6	107
0	4	106
1	8	85
3	1	46
1	0	43
2	2	67
6	3	49
4	1	34
4	1	59
5	5	22
1	9	98
6	5	68
5	0	22
1	5	56
2	3	47
2	3	95
3	1	33
2	2	53
0	7	100
1	2	64
1	9	103
1	1	54
3	5	73
4	5	77
1	5	60
3	0	49
1	1	75
0	5	118
1	1	62
1	1	92
1	4	51
0	5	97
1	1	60
4	2	82
7	6	49
1	6	78
3	3	58
3	2	74
4	6	58
3	2	49
4	7	47
5	3	85
6	2	55
8	3	41
0	9	95
0	3	62
2	3	55
1	4	77
4	7	76
0	3	69
1	1	30
3	5	103
1	7	78
1	1	50
6	2	52
3	2	34
1	1	61
2	6	54
5	9	94
0	2	41
1	4	58
3	6	87
3	0	40
1	2	45
0	7	122
1	4	56
2	2	54
1	5	76
2	3	45
3	4	51
4	2	46
4	2	53
3	4	36
0	3	57
5	5	66
3	6	54
1	1	37
0	5	78
9	4	43
0	3	65
2	2	47
1	2	50
6	7	81
0	5	103
1	3	66
5	2	53
2	7	56
0	4	60
1	6	42
1	2	58
7	6	23
1	4	46
3	0	42
2	6	44
1	3	52
2	3	61
1	0	31
3	6	74
3	9	104
1	3	50
2	1	70
1	0	63
1	6	53
1	6	44
1	4	74
0	5	63
2	3	69
2	4	41
2	1	55
2	5	79
1	3	40
1	1	48
3	10	75
3	8	53
3	5	68
0	0	77
1	4	70
3	6	76
1	4	62
0	3	48
2	8	86
1	6	43
6	1	49
1	4	94
1	6	76
4	2	54
4	5	102
1	4	72
4	0	20
1	6	96
1	5	35
4	3	48
1	3	48
3	0	38
1	6	82
6	8	82
4	3	36
0	3	77
0	2	69
2	2	26
1	4	80
10	0	39
1	6	119
0	4	105
1	4	62
1	2	43
5	6	49
1	1	63
0	10	103
0	3	94
2	1	89
4	5	59
5	10	113
1	4	57
1	9	73
1	2	53
3	4	49
0	5	42
1	2	61
3	3	78
2	4	68
5	1	37
0	7	74
2	3	62
4	2	34
0	2	68
4	5	31
1	2	44
1	1	47
0	7	104
6	6	97
2	5	56
0	1	47
4	2	57
1	8	67
9	4	65
0	2	77
0	8	79
1	7	105
2	4	53
1	3	67
1	2	43
3	4	77
3	3	70
1	1	64
4	2	55
2	4	80
2	7	87
0	3	78
4	1	58
6	4	55
4	3	69
1	11	121
3	3	45
3	6	56
3	3	75
5	5	70
5	1	58
0	6	62
7	2	47
1	2	91
0	2	55
0	2	85
1	4	51
4	2	50
1	5	48
1	2	46
3	4	72
2	6	104
3	1	45
3	6	74
2	2	61
1	1	49
1	5	93
1	6	60
6	5	107
0	4	72
0	2	28
2	5	60
3	9	107
2	0	64
0	4	95
1	2	54
0	3	96
2	1	33
1	6	69
0	2	77
2	3	63
1	3	66
3	4	83
0	5	68
0	5	85
0	1	70
1	5	65
2	5	65
4	7	97
6	3	27
6	6	79
6	5	69
4	1	42
0	6	81
0	3	49
3	3	53
0	2	48
1	6	75
4	5	39
5	6	52
1	1	53
2	1	71
3	3	59
5	5	83
4	3	57
4	3	45
1	5	66
0	5	78
5	6	80
3	10	54
2	3	128
0	2	39
0	3	78
2	3	64
3	2	57
1	2	44
0	6	43
0	5	125
1	3	58
1	4	60
3	2	63
0	4	78
2	0	42
3	2	38
1	4	111
2	3	46
0	4	77
0	2	46
0	1	33
0	2	64
2	1	82
4	3	69
3	4	78
0	5	68
0	5	90
1	2	58
0	2	42
1	7	80
1	2	74
1	4	76
1	8	75
2	6	65
2	4	68
0	4	96
5	4	56
2	1	35
3	8	50
3	8	112
4	4	81
5	0	35
0	4	65
7	3	71
1	1	58
3	1	34
1	6	83
4	6	56
3	5	38
2	4	62
1	1	44
1	9	90
2	3	71
1	3	55
5	5	69
2	5	65
3	5	87
0	9	100
2	3	99
0	8	115
0	1	56
0	5	74
2	6	61
1	5	107
0	6	94
6	2	48
3	2	78
1	0	38
0	4	82
0	2	38
1	3	72
4	9	65
0	4	56
4	5	44
3	5	105
1	3	71
1	1	48
3	4	60
1	0	37
5	7	66
1	8	97
4	6	91
0	2	60
1	5	57
9	3	46
7	4	51
4	4	37
0	4	61
4	3	61
3	5	58
0	2	40
1	2	79
1	8	71
1	1	62
2	4	66
0	3	51
2	7	53
4	6	97
1	3	52
1	9	95
3	0	57
1	2	100
1	2	76
2	7	118
0	2	80
5	7	68
2	6	81
5	4	45
3	3	52
3	1	45
1	3	52
0	2	49
2	6	66
3	1	66
1	4	69
1	6	100
3	3	47
0	2	18
6	2	54
4	1	54
0	0	44
3	7	75
3	5	58
1	2	39
3	3	28
2	3	80
0	5	64
4	3	30
0	3	35
0	8	105
2	1	40
1	4	68
3	7	79
2	4	70
0	0	53
1	5	55
3	5	34
3	3	54
5	1	41
6	3	20
1	6	65
7	6	85
0	3	70
4	2	35
0	2	51
2	2	23
1	4	77
1	2	84
5	4	98
1	6	92
2	3	64
3	0	74
6	3	59
0	8	150
2	5	62
6	4	66
1	3	32
1	5	71
0	3	76
4	2	84
2	7	36
4	4	42
3	5	33
2	3	90
5	3	61
3	3	60
3	4	105
0	2	77
6	5	47
4	6	81
4	4	48
1	3	62
5	2	38
4	5	50
1	1	30
2	3	71
0	1	61
1	3	50
0	8	136
0	5	179
2	2	47
3	1	76
3	2	27
4	2	115
0	5	83
1	1	42
0	3	55
2	3	70
2	7	92
4	2	88
8	1	36
3	3	72
9	5	106
0	3	64
2	3	77
1	2	68
2	5	82
0	1	59
1	0	37
2	2	43
1	6	66
0	3	89
2	7	71
0	1	85
0	4	73
1	7	59
3	3	70
2	6	46
4	6	58
1	0	17
0	1	43
5	6	69
0	8	82
2	6	62
2	4	72
1	4	44
2	7	61
0	3	103
1	2	70
1	5	86
3	2	66
2	2	61
0	1	51
3	7	75
1	3	50
10	7	62
4	4	62
0	10	74
1	4	53
7	2	38
2	4	71
2	7	100
4	6	84
1	2	48
1	4	32
0	3	69
2	0	69
6	7	95
0	4	52
2	3	54
2	6	92
0	9	90
0	6	56
5	6	95
6	9	74
0	6	55
2	5	71
2	3	72
3	8	104
6	2	53
0	2	65
0	4	57
5	6	63
4	8	111
5	5	91
2	2	49
5	2	44
2	6	46
1	0	49
4	5	58
1	7	84
3	9	76
4	2	86
2	1	57
1	8	102
1	4	81
5	3	28
1	2	54
3	10	116
2	3	96
0	5	67
3	3	59
2	5	55
5	3	59
0	3	76
1	2	70
0	4	77
0	8	84
0	3	67
0	4	97
9	5	52
2	5	85
1	2	55
2	3	55
2	8	101
2	2	57
1	4	58
0	5	60
4	3	78
3	2	54
5	4	49
0	2	50
1	5	47
3	3	33
1	3	63
2	1	25
2	1	44
6	2	39
4	6	67
2	2	81
0	4	49
3	2	55
3	4	76
5	6	80
2	2	42
1	4	57
6	4	64
3	3	35
5	4	60
1	10	57
0	0	59
0	7	65
5	1	58
9	5	65
0	4	60
3	3	69
3	1	59
2	0	25
3	5	51
2	6	78
0	2	70
5	1	28
0	4	82
1	6	83
1	3	30
5	2	64
3	1	49
0	2	58
0	2	46
0	4	100
2	1	20
0	6	42
3	1	27
4	7	77
0	5	76
0	3	84
4	4	86
0	1	63
1	4	82
3	5	60
4	5	55
1	7	83
6	2	50
2	7	71
2	4	94
3	6	85
2	8	75
3	2	55
0	2	96
1	8	66
5	9	82
2	7	132
1	3	69
4	2	51
5	2	66
5	4	71
1	2	39
5	4	85
5	3	48
4	3	55
0	7	148
0	3	82
6	7	75
0	4	89
0	1	76
1	4	66
1	4	96
3	5	159
2	3	48
5	2	47
1	7	69
5	5	88
3	2	60
0	0	55
0	5	74
2	5	98
3	3	37
0	3	57
5	2	67
1	6	91
1	6	50
2	2	61
3	1	65
2	4	74
2	6	89
0	4	62
4	0	36
0	3	58
3	2	77
2	2	53
4	7	73
1	2	42
2	1	34
3	5	75
2	2	37
3	2	44
3	4	63
2	10	108
2	3	57
1	4	68
4	3	54
7	2	50
4	4	70
0	5	72
1	3	55
2	2	51
2	2	33
0	5	125
3	2	54
5	3	47
5	4	60
4	3	58
3	0	58
1	3	58
2	4	51
0	4	39
4	2	50
1	4	79
1	4	61
8	2	57
0	3	47
0	3	67
3	3	69
6	7	88
6	3	64
0	5	78
3	3	55
4	1	23
7	4	52
3	1	37
6	2	113
0	9	107
3	4	81
5	2	55
1	1	70
2	0	42
0	1	31
2	1	47
1	3	74
0	4	46
3	3	71
2	8	101
4	2	44
4	2	40
5	7	104
0	2	60
6	8	58
0	2	64
1	3	91
0	4	104
1	5	86
0	3	58
1	1	96
0	5	88
4	2	74
4	2	58
4	3	52
1	4	65
1	6	92
1	4	87
4	4	67
6	7	63
0	4	91
5	5	68
0	5	73
2	4	84
2	3	55
1	1	53
0	2	51
2	9	64
2	4	94
1	9	88
1	3	68
3	3	81
1	6	91
3	11	87
2	6	66
1	4	60
2	4	64
1	5	135
0	1	49
0	2	42
0	6	105
0	5	118
1	3	44
2	7	44
5	5	76
3	4	58
2	4	56
0	1	75
0	1	49
0	2	51
2	4	75
3	1	55
0	3	73
1	2	30
3	6	49
1	5	42
3	3	70
3	2	51
2	5	106
2	4	28
2	1	51
0	3	52
3	5	98
3	3	84
4	1	42
1	6	66
0	0	53
0	4	60
3	3	58
1	4	41
1	5	71
4	2	37
2	6	91
2	3	71
1	1	76
2	2	48
3	0	23
5	4	76
2	4	53
2	10	60
1	3	87
3	2	73
0	2	76
3	3	42
5	3	75
2	9	88
6	5	54
0	3	93
0	1	43
1	2	68
1	6	51
3	7	55
6	1	35
4	7	80
3	2	56
5	3	55
0	3	45
2	4	45
4	2	38
0	2	63
4	6	80
4	5	82
3	5	85
0	5	109
4	7	48
1	4	43
0	3	104
3	5	76
3	6	94
4	4	49
0	5	101
2	1	41
2	1	30
0	4	56
6	1	42
1	5	74
0	4	52
3	1	68
3	5	76
3	1	17
2	1	31
2	3	73
4	3	54
0	1	63
4	5	73
2	5	95
3	4	90
0	5	64
0	9	122
0	7	38
8	5	80
1	9	80
4	3	47
3	0	79
1	5	124
0	1	92
3	3	77
1	7	75
3	4	66
1	2	49
0	1	81
1	2	50
4	1	58
2	5	28
2	7	65
0	5	56
3	4	96
3	3	93
2	5	60
1	4	70
0	1	35
3	6	71
2	3	72
3	4	86
0	6	62
4	6	94
1	7	90
2	7	61
3	2	59
0	2	86
5	4	55
0	8	94
5	4	93
0	7	78
2	3	35
2	4	45
0	3	86
3	6	43
1	6	93
0	3	45
3	5	111
0	5	55
3	4	39
2	2	68
0	3	90
3	6	86
2	6	83
0	3	81
2	7	76
3	9	91
1	6	84
0	5	68
1	5	83
0	3	73
1	4	60
5	4	79
0	7	88
2	2	51
0	5	52
3	1	40
0	2	78
0	4	39
0	8	149
2	7	68
1	3	97
0	7	74
2	2	35
6	3	48
1	1	43
3	1	57
2	2	57
0	0	21
4	3	59
0	0	65
0	3	103
6	2	40
1	6	67
6	3	34
4	2	56
3	3	42
1	2	82
1	1	62
5	2	47
1	7	83
2	6	99
0	6	56
4	1	35
1	6	72
3	1	31
3	4	42
8	3	28
1	5	59
2	2	49
6	4	51
1	7	106
3	3	118
4	2	50
3	1	76
1	0	55
1	2	58
5	6	71
1	10	77
0	2	53
4	8	77
0	2	78
4	3	57
8	4	56
0	3	44
2	6	56
2	7	61
4	5	53
4	7	119
5	3	53
0	2	42
4	3	40
0	3	55
1	6	76
2	1	58
2	4	77
2	2	47
5	5	77
1	4	77
2	2	111
2	2	42
0	4	50
1	0	54
0	4	90
1	3	58
1	5	47
1	4	73
3	2	65
4	5	54
5	3	61
1	2	51
1	0	27
0	4	71
0	5	40
4	2	16
1	6	80
3	4	61
2	6	73
1	6	123
2	1	22
3	5	51
3	3	59
1	1	51
2	2	76
1	0	35
1	3	104
3	7	73
3	7	67
2	4	45
4	7	86
0	2	38
4	4	71
2	5	99
3	2	55
0	7	103
0	4	89
0	1	76
2	3	90
3	6	31
4	3	79
4	7	50
3	0	50
2	2	69
0	5	39
0	5	43
6	3	39
1	1	80
2	8	116
2	3	62
5	2	59
4	6	95
2	2	36
4	3	59
0	6	92
4	4	51
1	0	35
3	1	65
2	7	68
1	5	81
0	3	69
1	4	75
0	1	64
2	3	75
0	3	38
1	1	52
0	4	85
2	6	54
1	3	54
0	8	87
0	3	43
0	7	67
1	2	62
3	5	96
2	3	56
5	4	55
6	3	70
2	3	36
2	2	53
0	3	99
1	2	54
0	3	74
1	3	59
0	6	128
0	3	67
4	0	46
2	4	62
4	5	51
2	2	60
2	3	43
4	6	108
3	2	43
4	3	48
0	1	60
0	4	65
6	1	66
0	2	74
2	1	85
0	10	99
1	2	66
0	4	63
0	2	76
2	5	92
1	5	69
2	3	65
3	3	42
0	5	67
2	3	55
1	1	81
0	9	83
1	4	29
0	9	50
3	4	89
4	2	86
3	12	131
2	2	36
4	8	83
4	3	101
1	3	58
2	5	79
4	5	37
2	7	100
0	2	58
3	3	64
3	1	46
4	4	34
4	0	88
0	4	70
1	4	104
1	0	48
3	5	71
1	8	84
4	2	57
5	7	80
1	0	50
1	1	79
0	14	146
3	2	43
5	6	47
1	2	76
1	5	119
1	4	65
1	2	62
1	4	65
3	2	46
6	6	42
5	3	71
1	5	63
2	2	72
2	3	31
1	1	72
3	3	60
3	10	45
4	6	41
5	3	32
3	5	61
4	3	62
5	1	77
2	3	78
0	3	65
3	3	72
1	0	50
1	5	75
4	10	68
1	5	51
3	4	78
0	3	88
1	5	89
2	7	118
1	4	72
3	7	50
2	7	88
3	3	67
0	3	42
2	3	55
4	12	74
4	3	82
1	3	59
2	2	66
2	1	45
3	2	86
0	4	61
0	12	87
1	2	77
6	3	66
1	0	36
0	2	55
0	3	72
1	3	56
4	2	64
1	1	74
4	5	96
6	6	56
1	1	30
2	5	48
4	3	49
0	4	71
1	3	61
4	4	57
0	0	27
2	3	54
0	2	101
3	1	46
4	2	50
0	5	71
3	5	47
0	2	49
2	3	37
8	1	29
6	3	78
4	5	44
0	6	76
1	4	52
4	3	107
1	6	77
0	3	67
5	3	50
0	5	61
0	3	82
5	2	42
2	2	93
0	5	100
1	4	64
2	5	65
4	1	65
0	3	60
1	5	81
3	4	64
0	5	53
0	5	80
5	6	116
3	8	57
1	5	54
6	3	88
5	9	80
1	3	64
1	6	88
4	7	55
2	7	82
3	2	38
4	2	63
4	4	47
3	2	27
0	5	50
0	6	84
4	1	76
3	2	31
1	4	56
5	3	41
0	1	37
1	0	23
1	4	76
5	0	89
3	1	76
1	1	37
2	2	60
0	0	37
3	9	116
2	5	89
1	5	66
0	4	78
0	2	63
2	1	52
2	4	50
2	5	72
0	0	45
5	5	69
3	1	37
6	6	94
1	4	59
1	2	53
0	6	39
0	2	41
1	5	119
0	2	19
2	1	51
2	2	70
0	3	39
2	3	81
1	0	76
0	4	84
1	6	76
0	6	78
4	7	72
4	4	43
3	0	46
1	5	43
4	8	90
0	2	82
2	4	68
1	2	58
2	4	85
0	0	69
0	5	84
3	6	86
3	2	50
1	5	94
0	1	53
0	4	102
1	3	80
1	3	32
2	1	29
1	0	57
0	4	71
6	6	97
0	2	69
7	7	58
2	4	116
4	4	48
1	2	68
0	6	73
3	5	71
3	4	161
2	4	79
1	5	86
1	8	65
6	1	55
2	3	118
2	2	69
0	3	68
4	3	62
1	5	56
3	5	85
1	6	103
2	10	86
3	6	63
0	2	59
3	4	94
4	3	52
2	7	73
1	3	68
2	3	76
1	3	55
0	0	30
1	4	89
2	6	79
0	3	64
3	3	66
3	4	46
3	0	43
2	5	58
2	2	49
4	1	47
5	4	70
0	7	101
0	5	36
3	3	57
1	2	56
7	4	72
1	4	74
3	3	79
0	4	69
0	7	55
3	7	109
1	2	84
3	1	69
2	9	86
5	1	36
0	2	41
1	2	43
0	10	91
1	0	29
6	4	44
2	1	70
0	5	62
2	6	80
1	0	22
2	6	45
3	6	62
6	3	44
2	6	82
0	6	76
1	4	97
1	5	82
5	6	81
0	6	75
2	6	87
2	5	89
2	4	65
0	1	43
2	0	60
1	3	70
0	1	65
5	2	77
4	3	51
6	1	46
2	7	49
0	7	83
4	4	86
4	3	60
5	4	61
1	1	39
3	7	87
1	5	76
1	1	81
2	3	32
3	6	68
0	4	77
2	2	31
0	4	63
0	1	47
2	2	66
3	1	51
6	1	52
0	3	82
0	3	62
0	4	82
1	4	50
0	6	64
0	2	37
0	3	92
1	1	26
0	7	52
0	2	52
1	4	77
0	0	61
1	4	46
3	0	46
2	9	50
6	9	77
2	0	25
2	7	92
5	6	51
1	2	66
1	2	47
2	1	47
3	2	47
2	5	74
0	1	72
0	2	60
3	3	31
0	11	93
0	3	67
2	8	73
5	3	57
0	4	79
1	2	49
3	6	60
3	2	64
0	9	81
2	5	88
2	4	63
2	7	54
1	5	109
0	3	90
2	2	47
3	2	99
1	5	80
3	1	32
7	4	38
1	6	49
0	4	77
0	5	57
6	8	46
0	4	65
2	3	54
8	3	63
0	5	37
1	4	101
1	3	35
2	1	59
3	1	37
0	9	83
0	1	52
2	4	81
2	2	59
1	4	57
2	3	59
1	2	49
1	5	66
1	7	80
0	2	52
3	6	67
4	3	79
3	5	91
2	4	33
1	7	64
2	8	39
1	2	67
0	7	74
3	4	46
3	3	69
2	5	84
2	3	77
0	4	58
2	4	52
0	3	80
0	3	57
3	6	64
1	2	42
1	2	45
3	3	36
0	2	25
4	5	56
3	3	53
3	5	81
4	7	52
2	2	22
5	4	84
1	3	52
0	0	104
2	5	76
0	4	75
3	3	48
3	2	60
1	5	67
3	5	50
0	5	78
5	0	32
0	8	84
3	7	36
5	4	52
0	3	64
3	2	46
2	4	102
6	2	26
0	2	51
1	2	49
7	2	55
3	3	37
2	0	41
1	8	61
1	3	68
1	4	66
1	8	96
0	1	55
1	4	75
1	4	59
3	3	67
0	1	27
0	3	75
1	5	57
3	4	99
5	3	29
3	3	51
1	2	19
1	5	99
2	1	64
1	2	65
2	4	84
1	3	71
2	1	40
2	2	65
1	8	57
0	6	75
4	3	42
1	3	43
0	6	58
2	4	46
0	5	74
0	5	81
0	6	102
3	2	74
5	3	93
2	4	97
0	4	104
1	3	88
4	4	81
0	2	73
5	7	95
4	5	63
3	5	67
3	3	58
1	9	88
5	1	40
0	8	103
0	4	63
3	4	34
4	3	79
1	7	57
1	2	90
1	2	48
4	8	81
3	1	42
2	3	46
4	3	58
1	2	37
3	5	94
0	2	82
1	5	85
5	6	75
4	8	75
1	1	53
1	4	53
4	0	37
0	3	91
4	3	51
4	2	59
0	3	68
1	2	33
2	10	85
4	3	74
2	3	65
1	5	73
0	3	76
0	5	98
2	7	54
7	3	55
0	5	84
0	2	48
1	5	118
2	0	31
3	4	80
2	1	62
0	7	96
1	4	50
5	4	74
2	5	62
3	11	99
0	3	80
2	3	52
0	9	76
3	5	87
1	6	74
1	4	42
0	6	65
0	2	50
3	1	39
1	2	52
2	1	40
0	0	79
6	5	51
1	1	56
0	6	83
0	5	118
0	2	64
8	5	51
0	8	127
4	5	69
4	3	85
0	5	99
6	2	37
3	1	97
1	4	42
0	4	41
1	8	103
1	3	45
0	2	41
1	2	97
2	4	73
0	2	56
4	3	37
0	3	82
1	1	42
2	2	60
0	1	51
2	6	91
2	4	55
1	4	47
1	3	63
2	2	57
1	2	73
1	3	86
2	2	64
6	3	42
2	3	70
3	2	49
0	7	48
0	3	62
1	2	38
1	7	81
0	4	67
1	1	33
1	1	59
2	6	78
0	6	55
0	8	64
2	4	85
1	2	54
1	0	53
2	3	60
3	4	33
0	0	43
5	3	59
3	4	83
4	5	79
2	5	57
4	6	75
0	3	67
2	6	62
2	3	38
5	6	32
0	7	111
2	4	79
1	0	45
1	1	85
4	1	55
5	4	60
3	4	59
4	9	73
3	4	78
3	3	62
4	1	59
1	6	73
3	1	42
6	5	60
0	7	97
4	3	77
2	1	46
2	2	58
1	5	76
2	5	79
1	0	37
1	8	98
2	3	65
2	7	93
0	1	52
3	0	29
2	8	45
1	4	45
3	3	66
5	5	59
2	5	47
0	6	70
1	5	67
1	5	80
1	3	46
1	1	64
3	5	88
4	5	80
0	6	91
1	4	49
1	3	70
4	4	73
3	6	77
8	1	66
0	2	41
0	2	69
1	3	66
5	4	64
2	6	61
2	3	51
4	6	62
3	0	53
5	1	47
0	5	39
3	2	62
8	2	75
0	3	54
2	3	24
3	3	58
0	4	70
2	12	119
3	3	69
0	3	63
2	1	37
2	4	77
8	1	67
4	3	71
4	4	39
0	0	27
4	2	87
1	5	92
3	6	87
5	4	76
3	3	76
8	1	16
6	2	41
1	2	62
2	3	56
0	3	66
3	1	40
0	4	100
0	7	76
2	3	35
0	2	82
1	3	66
0	2	67
2	0	49
1	5	102
5	2	46
2	5	95
2	7	42
0	8	111
5	4	32
9	5	50
7	6	62
2	3	68
3	3	45
2	3	46
0	4	87
3	5	67
0	4	70
0	2	84
3	4	92
1	3	62
3	5	46
0	0	59
2	2	48
0	4	117
0	0	29
4	8	71
1	8	84
5	5	72
3	2	56
4	5	89
2	6	74
5	0	46
0	6	98
0	4	52
4	3	64
0	4	102
1	5	95
0	2	58
1	5	70
3	2	61
0	3	66
2	4	93
1	2	49
2	1	31
2	4	50
0	5	69
4	4	92
4	6	83
5	5	78
1	2	41
1	4	82
3	4	78
8	8	119
1	8	57
3	8	107
1	2	35
5	4	65
1	5	73
1	4	58
3	6	88
3	8	72
3	7	122
0	3	60
0	6	64
0	3	58
2	3	45
2	4	72
3	5	70
5	2	45
3	0	38
0	1	32
0	2	68
2	3	64
1	3	64
0	3	66
1	7	69
0	3	64
3	4	31
5	5	48
4	6	47
2	4	68
1	1	41
4	2	66
4	2	37
0	3	110
4	5	42
0	0	62
1	1	77
4	6	74
5	1	56
0	6	121
0	4	55
1	2	38
1	1	28
0	4	121
5	5	53
0	1	53
4	6	50
2	6	131
0	2	57
0	6	81
3	0	34
3	6	117
0	3	66
5	3	46
2	3	54
4	2	19
0	7	57
1	4	41
3	7	82
1	7	62
0	2	65
2	5	74
2	1	66
0	3	91
1	4	83
2	2	68
2	4	90
0	4	51
1	6	83
0	9	122
2	5	75
3	5	67
1	0	31
4	1	88
0	2	65
2	3	58
0	10	89
0	3	55
4	5	67
3	2	70
1	1	43
0	5	74
0	3	70
3	3	93
1	4	63
1	2	52
3	3	36
3	4	64
1	5	65
3	7	86
1	3	67
1	5	66
5	2	31
3	4	63
4	2	88
7	4	49
2	4	76
1	1	42
3	3	98
0	0	19
2	1	52
3	2	40
1	0	48
0	5	102
4	6	99
1	11	81
1	6	82
3	2	66
1	7	103
7	3	39
4	2	42
1	3	59
3	5	68
5	6	65
2	5	74
0	6	93
2	9	80
4	2	27
1	3	69
2	2	65
6	6	66
1	0	58
5	6	103
0	5	73
0	4	95
3	6	84
1	6	72
0	3	28
2	7	98
1	5	43
3	2	75
0	3	84
1	6	120
1	4	49
0	3	98
4	2	45
3	4	68
1	4	61
1	5	64
1	3	56
1	4	62
3	5	114
4	1	85
0	3	65
4	5	48
4	6	108
4	1	52
2	3	93
1	6	38
4	3	60
0	1	62
1	2	67
0	7	100
1	5	97
0	4	87
3	5	73
3	5	84
1	1	49
2	3	61
2	1	39
3	3	33
7	6	86
1	6	100
1	3	46
0	1	39
1	5	56
0	3	61
5	4	73
5	3	77
1	3	94
0	7	65
0	3	80
2	4	103
4	4	78
3	1	46
1	1	42
3	1	32
0	7	92
7	3	48
1	0	28
5	4	84
3	6	95
4	1	45
2	1	58
1	1	39
1	2	55
2	1	20
0	7	86
2	7	68
1	0	46
0	1	64
0	2	71
3	7	89
1	3	41
1	3	15
2	4	119
3	2	41
4	2	37
0	2	69
5	1	44
1	3	41
1	5	56
1	3	84
1	7	74
0	8	76
1	5	74
3	2	45
2	5	91
2	6	84
0	1	46
3	4	56
8	4	42
2	0	24
2	5	58
3	4	50
6	6	38
2	4	58
0	2	71
0	3	70
0	4	48
3	6	66
1	4	76
2	8	96
4	3	71
1	5	91
3	4	46
0	3	43
2	3	62
2	2	44
2	6	55
1	4	75
0	2	66
1	4	46
2	5	65
2	2	77
2	5	95
3	2	90
2	5	37
1	1	73
1	3	81
3	1	48
0	7	87
1	4	58
1	3	74
2	4	53
2	5	43
1	3	56
0	3	76
2	1	29
6	8	74
1	4	51
0	5	82
1	1	51
1	7	70
3	5	86
5	6	73
4	2	81
0	9	83
1	5	61
2	1	31
7	1	68
4	3	75
2	7	83
4	9	103
4	2	63
3	2	54
0	5	69
1	7	83
0	5	98
1	10	111
1	2	44
0	1	53
1	1	76
1	8	64
0	7	75
0	8	97
0	5	57
6	4	53
0	2	94
10	2	30
2	2	59
1	4	41
4	4	49
2	6	56
3	3	47
1	5	43
1	5	85
0	2	31
2	6	47
3	4	94
6	6	82
3	4	65
1	6	80
4	3	51
3	4	74
1	3	80
3	9	86
0	2	59
4	2	38
4	11	97
0	2	49
2	6	71
6	3	60
1	6	78
2	6	55
0	6	73
2	1	93
0	3	61
0	4	86
4	2	62
0	5	63
2	5	64
2	5	71
1	12	79
3	1	56
0	2	80
0	2	84
1	4	94
2	1	37
0	9	76
1	4	66
4	3	19
0	2	93
0	2	114
5	3	62
2	2	55
0	9	61
5	4	107
3	4	81
2	5	66
3	4	68
2	3	65
3	4	49
1	3	61
0	2	76
1	1	30
2	6	98
0	4	81
3	4	78
2	1	93
2	2	58
2	5	96
0	1	56
0	4	56
1	4	56
0	3	69
2	1	65
4	5	103
0	4	60
4	5	66
4	8	89
0	3	48
2	4	66
3	1	34
1	5	75
0	5	73
4	3	50
