0.9677246752958069	2.685136658590308	29.802632252363857	0.8819260610944848	3.0745480147755746	1.5756681756104796
0.5247934715773883	0.32243846291512	3.777172303182952	0.4748238783526819	0.5575680868781979	1.4259834883594322
1.1564185733787653	1.5268086843727846	25.813519001653344	0.7423942270722462	1.1453134486833871	0.4878954902858129
1.711338117544443	0.20307700276622542	2.755931539855989	0.9661164588567878	3.191198235763284	1.8134767220389159
1.2306196879933236	0.4629955798568397	1.900896145689992	0.7555833941350591	2.5443026035773504	1.7053104773648333
0.9554643550123043	0.4363884587456579	17.477068724933257	0.7128143380277475	2.219216660815096	0.9458896428149739
1.194346922718175	0.39205431246561506	5.69783827522909	0.3075709299874355	1.696489666235133	0.7975711675212895
0.7410603093151624	2.7501601914916085	5.5704137544618915	0.3787311267205028	3.4465987450151174	1.6380213913797186
0.6620762945281594	1.9402950836723054	2.009677544701862	0.8032683701180854	0.4226244743884605	0.14127799144653405
2.0217847958489132	0.5970788841820074	3.4361313765292567	0.3903777871742864	3.125085417331532	0.46077956442832213
0.11175169819626352	1.3368959589410778	11.967860969231657	0.9622212146817619	3.980080494757783	0.2427196892643674
0.6062583693167173	1.2605004073591197	5.698963682180487	0.7500068156173321	4.1535668760396725	0.5854042266290341
2.882756914836992	1.160001961692445	2.5527122424751703	0.7334642182760656	4.517090958792994	0.6240850153282302
2.6749234789481107	0.9661315733414755	3.522718065451511	0.9838797404348362	2.4490783494357653	1.9101857007322018
1.0856488705386091	0.19589018208782338	6.867613389742388	0.49229136049423194	2.1461955809213693	1.5241646362174497
0.805277396300495	1.1755347666364835	0.6663720090578318	0.5107737375538632	3.777001162932996	0.3393248646297856
2.789554648972646	1.8599087650581025	3.829261782777973	0.6265519641216091	0.2685619118793825	1.6464977000877639
0.6308134330718135	1.2850707348327717	11.157958126042235	0.7533765291489481	3.100822420483179	0.1661135845175723
1.6342377584731893	1.0504615358767966	0.7264215682333752	0.4414676456465618	2.158724681045063	0.8035502062044968
1.044824554532705	1.3256770493648795	1.971744854898363	0.3986858488185474	3.9730961984573137	0.6563733501648035
2.0761542136481292	0.3750284856219466	2.323467154369978	0.4303237849502969	3.7445612599746307	1.0740283639329113
0.7818770714001916	1.5985218426445957	19.05273274444512	0.4783798746659387	0.7353810710177572	1.165491258270162
1.1700237902980626	0.9545114662612741	10.457637317304918	0.5748709339482876	1.1098965076858396	1.0065695043492258
1.3837920955587169	2.5519627150659363	0.6436112576317399	0.6017167386042735	2.6633553119552	1.7699644924498783
2.5457764452247527	1.7451591434348424	10.968609468850952	0.5683738290417131	0.6021797912681359	1.0148712743345327
0.11067081481135888	2.4963024932652766	5.3685653482910105	0.6689140821435713	4.1654976208865655	0.46884497704517725
0.08850189291220056	2.9031656029176633	2.9883544569375586	0.3198890302735278	0.9935083293154418	1.0515075774111502
1.6773859962382591	2.5350017128695934	9.424638721473213	0.23542250450398627	4.302534016004934	0.8189989762548556
1.7633486759003403	1.1057434459203552	3.235739588792792	0.41547972652226983	2.6809595691725945	1.07808707963353
0.5860298311229839	0.1101994002974016	4.700911210300496	0.7593204651787953	1.8161363340537884	0.23199736338858426
2.7392898380788724	0.7854816128651798	2.557519076792707	0.7971158086965205	0.4307400681499357	1.9688548000881718
1.0228164264215067	2.30468232505328	39.618042861070855	0.7744086577521588	3.1237611615463794	0.32440081455743774
0.12126595884543068	1.639435002553069	14.698829047946859	0.6233963382532358	4.243820508163808	0.3724638818223214
0.6966539135092997	1.7436970157872733	4.808911131594009	0.4384802983573357	0.1958351035984407	0.9056792766675229
2.066633347285326	1.9724843023215244	1.7695581091461565	0.45404555919463996	1.832712727195323	0.7405378340072667
0.6265019261560717	1.2273705429014448	1.033966791112746	0.2748490734279171	2.9328868542443924	0.6000905197980279
0.09721467127286276	1.9551878045539661	6.161453878119383	0.28023850401489125	4.85348776895739	0.5990862115511316
2.5054110736862483	1.5527591923098605	10.188722584989687	0.814398359080422	3.7491198151929224	0.6642435848015195
1.2884957145313392	0.7938311487142435	5.951024641458225	0.21566965190235177	0.266701230335768	0.6313638513956882
0.16329697910365926	1.6778123857667193	3.2099654812567557	0.2868072316331468	3.259924986790115	0.7928566180360849
0.8466270466608322	1.8733678692409828	11.414229859589858	0.9538999801720216	1.0157959825042822	0.24784651635307306
0.051403433079076355	2.7489499719808186	36.212846902506904	0.8515957596410979	0.5374067564684171	1.6189987916522777
1.0860002140616758	2.470093007203029	3.7283734239833444	0.4255545572034418	0.20964204596597424	0.6834131369504068
2.269586029396222	2.5599902565561616	9.53052463920291	0.4405281287024275	0.23438430537735977	1.2372997790369573
0.9909434737125788	0.9933399921888997	1.7859650573261288	0.7202575234460054	1.358579875768771	1.4032371810334687
2.0180245227337643	1.5751312836578002	1.6812375121629186	0.4232251328676646	4.946243522195562	1.6049082976310998
1.3496890444212573	1.4154116954651919	7.974576991883319	0.5741723227613897	1.065421578165745	1.2744537877538602
1.097407497458469	1.0155633910097306	13.52878292310385	0.7557481295542704	2.7715706679416163	0.21343835597709115
0.1848184282362303	1.9562703848615337	6.856215316019105	0.9354208526398456	4.115513897929312	1.8814796115312513
0.4062790441219094	2.6741218798571986	21.049423050455626	0.456065388764453	0.2510489689478179	1.6622918488936687
1.4077508506696645	1.5068709368892041	8.297842213967286	0.258665111958819	4.570847783510879	0.49682093265272664
0.45214913092731956	1.2741944819400453	33.93475463092438	0.9341091219170472	3.044819301415054	1.3485014771409172
0.5729427606486165	1.5395646756133674	1.840597964514581	0.38507845770700144	1.4304730143656545	1.5387093338677984
1.9739224725335847	1.7361974268126268	9.225013451950337	0.8287087559988031	4.316226077424858	0.4015325211549726
1.0018415647072536	1.9636340142470865	29.89078182674698	0.8950604328610082	4.233921727481924	1.6090456343032178
0.26293527812047524	1.0319171918782288	5.338694049302455	0.7794894149228248	4.925812943381225	1.6354497089621738
0.08196012895479776	1.1815800528602782	7.000620571255318	0.6177910182338382	3.287810072925602	1.020804418316115
0.7891024282130976	1.3913431122557807	12.162789810239689	0.8408171297883241	4.824290133247702	0.1672975387003971
0.8049913781761658	2.413831976326506	20.645129385687614	0.39121683055636625	1.475181812394955	1.2887466786990602
1.6350152607627078	2.6337312645402644	14.968996392848652	0.5570473701175663	1.0052255316504055	1.0861725039008654
0.10676150308248145	2.686347750742941	57.49315305229629	0.3497251590146807	3.0956778442224744	0.650248692328557
2.8803974324883477	1.2797197452447118	1.7888870745590313	0.6318499398188631	2.904727601871711	0.5926207057406534
0.7079929449237821	1.2731801145067512	4.017064989327997	0.5902752162752282	0.8317356613828064	1.3848101239925181
0.8137643042420256	0.6111334405339086	8.090514077080599	0.7220613684839626	4.4187589481546805	0.8459493924004078
0.16833090512379967	1.98128232955876	2.7225081269440077	0.9297467544193166	0.4132986508104308	0.4121448758121361
0.5796106783590199	2.641758070017135	6.235585277003528	0.8151115720096918	0.6593867970545536	1.5773338870980833
1.1271862657473846	2.052078390314469	13.656131634635747	0.442307594215435	2.946480048868811	1.773901649425455
1.7726956053999132	0.4102292862551349	1.5277918497629983	0.9734908284049119	4.529128390766503	1.2416296989617281
2.214104493839255	0.921020805243844	7.560479234297892	0.73592961777261	1.1062029543057328	1.1460781686706196
0.10259017052820452	1.123673303581083	47.570325144685434	0.4039010077630485	2.8208779932298897	0.9515105646714459
1.7969491823440986	1.0406083309828529	0.9998360528449513	0.8174551577619987	0.777120367050172	1.5837181175078692
0.44001253579385113	1.4924405178903788	21.668721104800458	0.9577183886999963	4.655627295329406	1.7020391765075011
0.3465847910850012	2.463075611330683	2.823013856542962	0.42465586019221924	3.1162222887841127	1.486155457125011
2.265005933448609	1.7187843002075676	1.076636786844869	0.8742707183709921	1.473990415620667	1.352511858579966
0.385685935689819	1.124157319000929	4.920206994517078	0.18462067353668854	1.9880498154272197	1.5474701624902878
1.5845633321014767	0.9230812886068973	2.3058071199052166	0.9221135368331254	4.893710192001678	0.7823776878718554
2.772706713166298	0.7754895555502128	2.257865497876226	0.6384246956710101	1.2517037303935519	0.926214297867843
0.2704312307941259	1.1183388819629814	20.55116756235119	0.6249385811115769	3.926631723829958	1.4119748880228231
1.112666192437466	0.45598528406382455	4.7048923932555	0.45630807594370926	3.3960100728263405	1.6234955906877793
2.9413895847060885	0.6156994829517837	1.581307324675374	0.9643441302652805	4.590961344353582	1.1211322679952431
0.30368739085597507	2.1657849400273044	34.10149344812407	0.4920694904962094	0.2719536059874228	1.9561554080471062
0.7767653587643264	0.589009922978665	5.1012549393896105	0.6804305116681135	3.046784571532143	1.6336610242985117
0.7815684345938223	1.0132961480056202	17.9619334178074	0.8492824355830816	0.8479554851887067	0.9164738026370608
0.4191980171161014	2.8996481403328223	13.004811383575788	0.758498746945182	4.603977333073771	1.0203456235773771
1.6525326942023661	2.5158618518728204	1.905222409716567	0.9257344634859406	1.9978380444428474	0.35551824870095217
1.5772347034045542	0.4919465588884142	6.179288694417351	0.37517951455792775	4.481628076701699	1.541035862365436
0.6603267359186993	1.6880176257341595	5.703844012130384	0.8339576324494585	4.947248396672559	1.3548728090444022
1.5852452766846286	1.6494400754807836	0.5174416220454092	0.27441457618219245	1.1075552338226213	1.8410338978230296
0.1857153609931994	1.2255223525649117	4.529209345956684	0.4764213004704484	0.29062150809144704	0.7070067314710581
0.36040413942089233	0.6959080205456925	1.7639253153998946	0.41252594239682594	1.4695073638259588	1.141071844899205
1.8137028301009357	1.362239814430215	10.639551984272797	0.5381695076805159	2.5140733631204397	0.9088607692386114
0.6528733189009006	2.4514364258065657	1.7316021723212627	0.5706650444979734	2.4160394349114807	0.3080693751511056
0.7231435136951386	2.6965402101136737	28.341677991441266	0.7020480321239374	0.8005586478288884	1.9955715039595558
2.1756989626081773	0.5330434895560554	0.4601113973173332	0.8239116043582163	1.796970765370971	1.5346372942453343
1.6236569958006186	0.9012995347561703	1.9623008272264464	0.9178076698974493	0.5939336116063587	0.8516311331697067
1.3816692026122284	2.5249681155531034	3.4721541459153493	0.4965214110458701	1.2866971190470367	1.4401843827709628
0.6509634470830067	1.7753593228253983	37.21009826233335	0.8685050908830421	0.08678939207786507	1.9347537127419192
1.859609647694741	1.7313279340118903	1.8779062539564784	0.8342803182627129	3.328588365684437	0.7325621541014591
1.538355508901776	0.9323135912428682	2.0750416203902122	0.6942624290378125	1.4371189547171836	1.4509195079372947
0.796515215397085	1.1715996877504709	2.8828113044493775	0.4399209610140219	1.4295994419606461	1.0150420771787758
1.1579131179844226	2.473018012285819	21.22681356179759	0.7620804513939864	3.379820356888408	0.1737780268886175
0.9535702679713814	1.969465001590538	22.71266442125845	0.8901246034107603	4.043597387731507	1.8062904433020677
0.6138665262548859	1.8423359451791943	6.889564468211546	0.36509291943862654	1.239960789554172	1.9810701969632496
0.8595566941665717	2.0292951882038124	37.49822950901088	0.8529464594333398	1.5649889128235595	1.239659647909211
1.9927712682734473	0.28157291849359334	2.41117030882126	0.6636036408713295	0.9439044895994159	1.2904233135297922
1.976969528942452	2.7284097175868727	17.29066667400454	0.5044404784105384	0.13760024577050223	1.1835025663478587
1.507303843044017	0.5306204197963882	2.9353184522360976	0.8013658331809862	1.4367983281260726	1.029186808017778
2.8732367450163823	0.857997460350659	2.6504322794625135	0.6302124164762435	2.5839116816843637	1.9568649707426338
0.6896094628969357	2.3085156909283078	33.03477545405397	0.6995896723892884	3.1000221670599624	1.7087740554106046
1.6884079918137518	2.938945537517985	9.667179344468916	0.31408253476403336	4.887602400464079	0.47994409559168794
0.07513806321628624	0.40993960781585237	55.69277531187231	0.9257181059070514	3.5871715560364725	0.4812964094965517
0.9983263727393826	2.8297830949093528	11.858877630214934	0.45285071386941045	4.399007310609659	0.23850492252050912
2.743965815745203	1.869974916474968	4.163639110929207	0.7309495015935699	1.408891507291976	0.45936042865720916
1.747352027348998	1.7927875367134005	8.398712811346922	0.292723954700123	2.5362479097079413	0.723010792199177
0.548394045794377	1.4751393936291457	34.71730063573991	0.7661897769468468	2.777412811037827	1.7092849214666506
1.0025040325459038	2.0093960033221148	7.773725057767942	0.42350901298942667	0.10098514706480821	1.5372992848792906
0.5679491750684629	2.615228397418272	1.8590691492340006	0.5984220225547934	2.4319502159177904	1.3195169631032548
2.6160416102935464	0.6141024451888866	0.8307723640705622	0.40362713381475823	1.316252125462749	0.5175598628617937
2.319794361767093	2.4208910631451386	5.8677025360067425	0.5395458083654826	1.9858643393347748	1.1765703215847847
0.29168495086717927	2.5010880726933404	38.520638570684596	0.5623627293381208	0.08208894608572492	1.015476383939757
1.7677197082174838	1.4100720661572974	2.975301570752482	0.5949895714781823	0.6726010564861207	1.7390015181011351
1.1428105753784545	0.2781484534079337	10.859351701334932	0.8443553627101489	2.6168211367443295	0.3712013014503983
1.1749833091017532	2.4513778986040657	17.548889558490323	0.3096089607647827	3.4953037720505082	0.46709152894202033
0.5801583074233008	1.1259835433459986	3.5341619263729407	0.14618569390697034	1.4487723374436374	0.35780198794284146
1.5122221214999816	1.6293900815536122	7.1915659716471625	0.18171933268603768	1.6070602961522307	0.5925140984401474
0.365349535509481	1.1920803376177358	28.49431387832037	0.8303902122222451	4.332219537803475	1.8479980147363846
2.861707337707706	0.30085423782501675	10.615592322807665	0.48426453734559416	4.2865255308012244	0.5872931765582733
0.13930473181381964	2.4602481117651975	9.405938565933802	0.46860911104158764	1.570311356465361	1.8295331803555355
0.9110678159153934	2.3960582588089174	30.49155466319043	0.4834478678289712	3.131297190267859	1.167709104253258
0.1857107373378719	2.014841672564598	23.066834114401793	0.27600209769864015	1.8680262793674944	1.3816132264043555
1.323909402485262	1.9135568511316725	1.7149746309050595	0.36304396174180664	0.6324526498972133	0.9151090194442124
0.6892733249151739	0.4708720587434745	20.772037153183046	0.6843067658668884	4.027622149326488	1.0524759540498052
0.9296669857124814	2.087894665606685	3.1398434639741755	0.3660727064545791	2.416753733070583	1.6099377933047863
2.1924645900788935	1.2130125202479136	3.5740824889615594	0.5428710588127366	4.787170829419304	1.9119047909458426
0.2829881251819669	1.889461535833347	2.9526192833535956	0.4971214161784202	0.6240524364016992	0.7646051487466065
2.489785049396435	1.6251797835305757	0.4311623931672539	0.5407832088752815	2.8494280087182187	1.358377277812879
2.394076176321208	2.5829234147563573	2.4698805835431075	0.33786784107709655	1.7094014164832139	0.4355682341003241
1.9408315764870852	1.2135343351361834	0.5251428244208591	0.6770171602080347	2.574609559029441	0.44109861668561545
1.1817750977157633	2.334551676629049	1.4881549230185496	0.23845521544964166	1.3836886242554018	0.9060446147592864
0.5915115944348008	0.8054252367018458	3.534103691159154	0.29469936548633036	1.0747379917278228	0.883708883051948
1.0619029680617564	2.2413265310441752	3.350068156656662	0.47850493112974646	1.5895134858286313	1.0102368826843042
2.4453394903025774	1.2066389354385505	1.7627180992360572	0.9459217988978774	3.867757623791936	1.1538062917024394
1.65270215930892	0.9388314092917169	0.9412223714569804	0.6116026130437079	3.2697314559533575	1.0395176444241736
0.5068397057960073	1.1056356548014425	1.7841520448094215	0.5310504696619364	2.513256722012729	1.0529476145276078
0.8943097320812162	1.5180759432997302	1.3954326805648627	0.7585740143263957	4.034700288474978	0.23567670029231766
0.803026714172073	2.878804104097487	2.3405749681194026	0.9574967329021007	0.39850425804237255	1.3364669761141565
2.6100149426071315	1.2932037390189997	1.1431234943013349	0.4323033700180381	3.4247585511821548	0.5266735324972598
1.8284583914489907	2.878411289004781	0.7068792997988236	0.9155266747601837	2.3097131835848606	1.729963983823267
0.6404529728187888	1.3594424741011573	4.258384692907009	0.3714386811997381	2.025040139093858	0.669633531823313
1.2960090027967672	0.761650413158143	4.598726419749138	0.2961060701819229	1.5038070058752373	1.5464651431245138
2.684624195290728	1.6019766489441893	0.9090613321631709	0.35775305470121965	1.76516163683943	0.29922903470545326
1.7838215985571138	0.38770762994259095	3.4155638250847127	0.647268658341646	1.55000516915209	0.7889908533930365
2.0737389746391526	0.6648935512292604	2.889969948901051	0.14619690954583953	4.285965648013182	0.5991229478301591
1.0453478584807028	0.8688317983593151	1.6783297719708101	0.17369491888314836	2.7850287777083493	1.3534587535430143
0.6856546917053054	1.5190303401850658	2.3310684298688753	0.1517006147493991	2.261742912427595	0.7901906325252551
1.7567250158881222	0.44132656542265714	0.8913928176644365	0.734473523801937	0.1773364814351136	1.9977378132646513
1.3148507933786469	2.426407097611609	4.188663261924319	0.6375784427935969	0.5499850510112175	0.1687979357690939
0.5444592554404664	0.7002332766351047	1.3009552997842238	0.17175987979077745	1.8143008415409771	0.7726312829334263
0.19666666387484788	1.928306781156077	3.3433695482696337	0.5094353205368557	3.330401627171884	0.23438041933357043
2.6985311030002466	0.6966562746839601	1.4664505271797075	0.7232155209781369	2.460303387014288	0.7678398275165068
1.9477029262321792	0.5184522127421244	2.9503648015505193	0.7496755996764977	1.911814239439552	0.5199973825609219
1.863685815444859	1.1598749077002506	3.0646334910953232	0.8165997312559363	2.0357880861106543	1.9516114977951695
1.9268201327292698	2.7118978433740937	1.0242426766645405	0.12989182977948766	0.7176486046752922	0.7424948522882748
2.3791317559282605	1.97647438512164	0.3122606187226147	0.7740946704058655	2.826294409634977	1.9293337602655443
2.6765601275521878	0.6810952124137097	1.9325858732430323	0.5282172380667842	2.565446893499112	0.864437700453668
1.6046310560810135	1.191914399219904	4.2396335073903755	0.5166960729695629	1.4619103707970864	0.5352253204239992
1.9641803375057731	0.45404437405304193	2.255827161863954	0.7573654759289297	0.7214372339030156	1.4065733140506675
1.8347604246101326	0.5081966077670279	2.288410464033611	0.6179425306785425	1.0475232258519251	1.5752369160714863
2.326650703491791	2.7007429914075143	0.7759090865970018	0.8226478909230971	1.6007783776847457	0.5695237071586486
1.1942133717002916	0.9399178742395743	2.4249459420742174	0.8469027922528309	2.170123968013455	1.0766300628553367
0.8339050861193404	0.7589699962704551	1.8170369399779638	0.49188052476983124	1.9770313152347663	1.3032707565073325
1.6648378254842802	0.674173460833918	2.3085021553442724	0.8443178831090119	1.5540084956821165	0.3919158245569623
2.913532753914804	2.4720588620518966	1.866822914337192	0.7074282573082882	2.832214073846356	0.29225274313953914
2.541266492552583	1.7301740416823594	0.35587397537648857	0.2850512204350647	0.6683775385556484	1.0314985922031885
2.1625302637396437	1.8514810675055928	3.0123354759879866	0.23246200344690415	0.805598395238441	0.3596006321850659
1.5023766824325886	1.582425872479706	4.560270466215991	0.26876663737785245	3.188660381456338	1.2289505273751349
2.235016257254653	1.0923503391427216	0.4704897880041362	0.20193497654022818	0.5262108642341495	0.5797282455706823
0.629871384584342	2.039761765550603	2.6127288763197787	0.9309578746045001	3.116048372100451	1.1541667270219185
2.862937358871599	2.6376445463462104	0.43640396560089323	0.49158955382606717	4.606258143791032	1.5786370169925958
0.9051462809041148	1.4219713338529212	2.474694930300575	0.3616339140746213	1.183198639039601	0.6687951721932828
2.889705961709778	1.2768884711370565	2.233926690273572	0.5086344797429543	2.337757565149144	1.3613363335329673
2.611348313089065	0.49192832299342365	2.4315073815174	0.715055480371919	0.9482515899159599	0.46767896512376417
0.7704456792173854	1.6927339820302472	1.188754390952239	0.35467177093820457	0.2282483513910527	1.110024708889334
0.7036494673063972	2.25655019656013	1.1961662518192957	0.9156449989827583	1.7255556473280347	1.1277101798020979
2.555220114976332	0.7524794865879566	3.2837561472508714	0.6956052170130258	1.8325622043507317	0.5988724707123707
2.825293531844223	1.3419027538578379	1.9813316831183212	0.2761667413989053	0.2231355825086373	0.35974229194212426
2.4628749500556215	0.9938896840228557	2.192776011205166	0.6639969889244067	1.3295479477863048	1.6876425042869088
2.234305429883147	2.688661402569793	3.051251595117286	0.2044299683329921	1.9501454615829528	1.2026653504547171
0.5554630006444823	2.676682665000271	4.655460012350131	0.4591915011745351	1.7331162669092999	0.7402637288403
1.657577279354296	0.842414372008464	1.0839168710745621	0.4362170849796858	0.4890886905197145	0.47886383224148277
1.4256311725642625	2.130191026367889	0.8051501808905293	0.6486557953663378	3.94376588272345	1.679631113163489
0.8938914395532367	1.470671916606761	2.069104572548964	0.7145818282780102	4.536920396583872	0.24236721308417902
1.970041943388924	0.28602379871477135	3.1474226590784573	0.649296422919176	1.0035923024656652	1.5794068614189711
1.3528647230176456	2.780056857296722	0.30323077495476625	0.8157959759656968	2.2233612487825036	0.4409938927933683
2.2965704064939825	1.2599455797263461	1.0337992963462765	0.7759960003540335	0.24279803129003963	0.7598280868891145
2.945994887281173	0.9833456600602484	1.3166933143631108	0.6338401760317375	1.7903772800500428	0.5626934320429801
1.0896931081568284	0.7498562079452952	2.7504699884956723	0.5595342674691418	1.9308100623962736	0.87439174461628
0.3080933570351684	2.9652927606489294	1.5989532791325063	0.6557912939636279	0.24403311292654828	0.8926287178146288
0.8901329230545911	2.9727021296655027	1.1958662993220366	0.4588241397438392	0.5061656418167093	0.6798617459215934
0.4383216760019077	0.5684288040770394	1.1373582342743824	0.3993226588275939	3.9468420261125745	1.8577486316464376
0.16431415053637408	0.7725801692019534	0.9562860443238824	0.6844100474802188	4.854731862547897	1.4776198364254822
1.2851100703835805	0.8880390893485566	2.6900545528679958	0.9450666955494433	4.773402018264559	0.8776224555843958
0.1460887778123305	2.100171945052824	3.323886178934413	0.9760780225755629	1.2774186882434275	0.2907765674578975
1.2623680531792745	2.5864186487448784	1.1173533248648482	0.7189735496250907	1.2594935088930597	1.5873427728535654
0.26689229799840736	0.8467674463145596	1.7539202545740564	0.6654023048580828	3.025142721642686	0.7168690088151244
2.411761448870542	0.7634076116313757	3.976287793873108	0.30349301801112893	0.6552030380625379	1.244262862811923
0.38698583406277504	2.913859487588494	1.7482873385474973	0.23312834617030032	0.9141970896462309	1.1552442909346006
0.7362060160713761	1.480655302857624	0.6671760256118594	0.8442482727300608	2.550307028858467	0.44699940597986965
0.7374154857414278	1.0691818352026308	2.479875620621562	0.3419559642029577	1.3626486584328195	0.7874680714686016
1.2558852990748717	0.6026428478296955	3.9376726464593945	0.8303615518209593	1.5342086460269937	1.6350653322476763
1.6036054439165826	0.29069339628125973	2.680717898049211	0.3295802108542025	2.611420029667053	0.7775273488394174
2.851089656538976	2.1460985451359287	2.348852534130512	0.11424112014055332	1.9885334267880816	0.33881799788277156
1.1969298806229196	0.5304797871131366	1.333614453533799	0.8958883728615404	0.5627068719288453	1.714695907754252
1.0471823862092804	2.6460662725865296	0.7209237172257784	0.2852392271200598	1.2429842201213748	1.2842074620734993
0.8932195103494286	1.9346160105635841	1.5328728031070162	0.376675900911033	2.456685492982982	1.2051819424521475
0.981348693657796	1.735611094477891	0.7481450402395442	0.5297063519243644	4.228075285784049	1.422579538575049
2.6120692528760916	1.6596842216679593	3.4769707431268326	0.9773821073206647	0.1454181333142912	1.0266362528998312
1.7084498441675915	0.5066944858121273	1.9476673482321707	0.9497807396409803	3.2012542397909676	0.7209896924432747
2.9377675687001097	2.1557797582471308	2.4924059243495433	0.6766660292044733	4.744508726236696	1.8972306674834114
1.464299757940908	1.388562760423695	1.4526114948999673	0.6531043924901938	1.1038457646306972	1.9601588886307728
2.6185249086086086	0.6564050476400141	1.9142091148506606	0.3109248246557196	3.7105766696264473	0.5640928681635342
0.9328220215562547	0.3145983325323706	2.2081040518016897	0.7423942270722462	1.1453134486833871	0.4878954902858129
2.7566347978410533	1.0836826549109493	2.397151210075554	0.6020741088225761	1.8043403944728176	0.521661640569903
0.9696854768363031	0.8388154048665999	1.7002034359207352	0.23890926437513038	2.0143485667529726	1.6704162426657831
1.9075680766913443	2.2043387425925283	0.8329696515402506	0.2896729219766565	3.1853072643187845	0.8972298785013403
2.3708238043093486	0.7906329238267534	1.552981032066832	0.5768818765168074	1.321468785465556	0.47030557806825113
1.3299555966540284	2.2287026257994182	4.420264468491702	0.5007109125962451	1.39918398206412	0.24223094826870772
2.826306196419491	0.8239819678271194	2.461257982163385	0.8670205415677614	2.5210526722121824	1.3378983234994304
2.133340313452444	1.7821440020775197	1.1569692026932195	0.22371533183605508	4.746501533258939	0.7413955476837609
1.2472528009796389	2.8578522152128643	1.0284391614842354	0.13893765516608048	4.23678756045173	1.2640131543700248
2.0009660374368745	2.176137219733563	2.5979729437510213	0.8767861519697645	0.8650953778429599	0.6520425364082285
1.69588852724411	2.946376512476212	0.572420578588069	0.556123217459372	1.7712957233359021	1.0267232781918219
1.5126313985822526	1.6823802923501603	2.7922911115491735	0.8366360672928657	0.31652684213570426	0.3627822611911694
2.865297140912273	0.7715045778377929	0.1766223867926442	0.3679029295431204	2.1876107415194994	1.0195020492424074
1.2482120864257313	2.396404610809719	2.8725389089756685	0.32069608803546135	0.9207513787491906	1.5140476619384289
2.5054076437988098	0.5325951476283408	2.707055867640228	0.6568868869187718	4.695110839926883	0.2322927352444457
2.409552658103015	1.6862022776733772	0.21049895321413087	0.5434507876813351	4.886028530094808	1.21302517315215
0.7896539399304996	1.9381533618038744	4.857583180520751	0.3395317517130436	1.091232196654592	0.9681455201103798
0.20983261751383966	1.6022243039364203	2.63801384582446	0.2055276013916213	2.409704646294611	1.181016297146629
1.253691373439022	2.222498978236894	0.6117231310590897	0.2932287398149521	1.2696091827052591	1.9854406029057066
2.9235343081663765	0.8900870563517197	3.501326280905514	0.4146104205421789	0.4054550612895924	1.8815650662186043
2.376593065820541	2.5593821919063564	3.9006076033359425	0.3779840589717385	0.7798983474376436	0.4292351309572975
2.5500379909772066	1.0588580695238423	3.113439795847448	0.1643023850777473	3.2260873289588483	0.6562905600278353
0.5975541159781512	1.2539744653715958	1.465395943070087	0.6137140519399683	1.0215904911755964	0.5980684287881942
2.3061815655133655	0.7232981458607028	0.7699803008015823	0.5659430135940845	0.8818745743911521	1.55772698695871
1.0676386043579793	1.5993643072993484	1.1030487705080845	0.9003892391508793	0.4106208370118941	0.396775840771721
0.9252429698519885	2.7071907083835325	3.4966718408380397	0.30234475637381364	1.7094008387798527	0.24070353043895903
2.649662976942438	0.7744893299979209	1.0871018020209988	0.46237112959873683	3.9817222326296253	0.990603147312255
1.1895322200538014	0.9192843157019511	3.044525789107937	0.4791187168528115	1.6487546338576746	1.4005863054225474
1.8132309839013465	2.847308749080115	1.9436862151461076	0.20637291075095976	0.8591744491487702	1.5832622490761905
1.2145839888634178	1.103690837726762	2.467045512120504	0.8114552352091672	1.8459079096705304	1.8921469624066045
2.939716342841099	0.9638210404694405	4.518706242646754	0.42582564693309966	1.5238199948723237	1.2339216255332146
1.4430897351965375	0.8852554767627349	1.702336878634908	0.6499416905808497	4.6746579736004605	0.9517603586888687
1.7881235198581238	0.68384511643266	3.7041350956644514	0.7232893951287603	0.11787211135190157	1.2095461724353802
0.6713913477692816	1.3440215775060966	1.0574010112081418	0.6950699707792012	2.073114162268497	1.45266617622458
2.4974440510752953	1.0778267315851284	3.0064201736839706	0.21747949407750156	1.544963771449278	1.6953055942190143
1.175859353243622	0.44032408997950534	2.8839837967199	0.37699691017619474	3.3955722818931413	0.3886425528566002
0.7880047159230043	0.20300992958378009	2.5244977769947887	0.9566324149452796	1.0051952618583948	1.7947021270764436
1.0760349375909009	1.035764332394695	1.194876877314811	0.6368832647540243	2.2578438193729466	0.3155391711735372
1.378446121107009	0.9220580321795564	2.807086124049999	0.20977848638840357	0.1990008209682098	1.674380087287404
0.74712035894595	0.6924594656224574	4.273999016338407	0.42624517714469423	0.7553995359092286	1.46610429515966
1.38612228751858	1.267363300283972	3.7837993989050602	0.23265415764765307	0.4099174113074161	1.635963649719178
2.2941405669134687	1.4338848858467295	1.5464205233185988	0.3583127718530441	3.4818233843089095	0.9815135844537584
0.9592749560230994	2.8067043669510006	2.849505985243109	0.15382523023346928	2.1985056772160068	1.3813334173584713
0.9003775679909831	1.7134475844271417	2.2589955309743743	0.2160519876321343	3.6749746550535134	1.5375726706847959
2.661967832030231	0.825520344457723	2.48101566683178	0.4692751979944886	4.206361408589732	1.0342227870186518
1.6777707628581813	2.4235255885785385	1.2176825539411744	0.7354805327680174	0.2093536754459291	1.3371522182252757
0.6013661268334997	0.5586569582025759	0.5549171232810545	0.3787311267205028	3.4465987450151174	1.6380213913797186
1.5756426128964378	1.159013725199964	3.08128189688583	0.2020629778883284	2.1418335971500584	1.3243044032737992
1.792701121710573	0.9306544643716702	1.7828320044303898	0.6533375932634001	3.5340647018086835	1.1371506835724594
0.20007317195552063	2.5593493041080437	4.055500352536553	0.541805665388624	0.8049743624363342	1.9717766227894624
2.722159426574597	1.7932255891128106	1.1027450528338605	0.28713597176618477	2.1092825166938542	1.3275384712893494
0.8080672722526503	2.2299049511030216	4.147596878702032	0.322441530174162	3.283844819833525	1.4168145595933892
1.4079187491962881	0.9800528250956146	1.8806862272520954	0.32081106848394836	4.760245908278585	1.5146968196649835
0.9846202542529581	0.3324715278813073	3.8730759371242733	0.6566957246567168	0.667289007800328	1.373078343549369
2.57097991507636	0.7867650354647011	2.1340568072762083	0.9254279018558798	4.507531943942832	1.070964339087967
1.0208172544199452	1.2704631068664765	0.8723094655352123	0.41249917487538734	0.9865392240306842	1.0761236788040407
0.11670440203070269	1.176639979613691	4.621214915823683	0.9200593323107917	3.5931097532013405	0.755085617532468
2.8568362738983906	1.8977305187470324	1.7161600191621964	0.33009408930386963	4.274514910017871	1.897318340557169
1.23248573848562	1.017859237062025	2.9127593209549	0.6406604000656854	2.3171767158336625	1.7328256256560532
0.8070739912031354	0.7985772090715402	2.2731535233442113	0.288076363969051	3.064011813194159	1.9572269416955166
0.39511208670347653	2.012534339050626	0.7186260845955548	0.9524583725955631	1.0562873324178161	1.9434184224004565
1.1244835875142405	1.5765119378102401	1.792533294479357	0.6318342148624082	0.414380918143189	1.38150224052167
0.39607548163822054	2.027736755800833	4.426989660140811	0.864109844845112	3.9145928330812643	0.673961968014154
0.31059929192785135	1.4252135720886359	2.734552717798752	0.31966620912066024	2.1911234719464256	1.869800829739935
0.3180651129304921	1.0745420968861008	2.899106219729948	0.6945843499880809	1.372139619781504	0.37984518171470016
1.1201914849695496	1.3818062238395938	4.865161123854321	0.9627681307916288	1.1091244847271193	1.3612981309560916
2.548481298751428	1.6012622629001554	4.288014148451551	0.49787632082969613	0.43565925114426085	0.8484259597195087
0.3840042647751174	2.626881246876554	2.7354311197338337	0.8784097018552595	0.09875119973753177	1.8814456672061224
1.9130850233180223	1.0275092568878779	3.9441390337506768	0.8576192114523457	2.0718455470575887	1.688478294112758
1.4831385405696589	2.206195032998934	0.9554854703608863	0.575632684639739	1.8122094593419569	0.9433305029923517
1.4558865591485488	1.491836848650148	3.3373666906092074	0.5699419917601392	1.0957435005847054	1.740753645764923
1.7814351441965042	0.34075325665006284	1.4927020942403864	0.3353332256488668	1.7135256390237086	0.8952869562145995
2.12024727687318	1.7549539226904358	0.4832623034243706	0.7336050748581788	1.866001757278037	0.6997753000458133
0.8509773428656214	0.8773384273470954	1.7611126176179528	0.6483402627005768	4.038835739710852	0.3323689762423154
2.9995672788171746	0.7301913483786713	1.1617640325858127	0.5166759574859849	3.19849462728228	1.0366095161813764
2.2983471789460688	0.917198145448915	1.7849266587912151	0.7410822959527263	3.339649281797732	0.9468875993331629
0.733706294043755	1.3626667569056696	4.052471377873508	0.9283735922467805	0.34591003217365135	0.7333996804791221
1.1782741008908644	0.7827806183415497	2.781082014542143	0.944206095298141	1.7176970993124652	0.677511640003329
1.6070800327613792	0.8459374026434947	2.889323591703613	0.6729927187164337	1.6295819560947362	0.7384017017486767
1.0946218823817295	1.5956772570604987	2.521453460637545	0.4321432717032734	1.817339829728732	1.2662359214566907
1.4657627095903298	0.15964596329992928	2.6785373512103927	0.3961983118081035	2.4908014915873977	1.1571612846815114
0.7076407556171821	1.0967326720328503	4.263390223051944	0.23330026696129236	0.5451981115935284	1.416126278438591
1.9583021283376907	0.3708316792153233	1.7224395255829987	0.7836709372635237	2.532222925891914	0.3236894529532425
0.3812298021131656	2.9231148838235645	3.519857940319857	0.8119277023287965	2.483028041223625	0.4027144047266168
1.2187590566186577	1.64300311944964	0.4469040539988425	0.39765174654123403	3.280171710180435	1.6065915577155863
2.058946110252215	0.5803614245542139	2.890715257651662	0.4046328414617931	1.8008860819076233	1.2347774235424265
0.7718644150324389	2.9033605804577682	1.9208572862916167	0.2571927303455346	4.7014934236773325	0.3264920009297575
0.6930623523473584	2.9674237272405635	1.4346171309581235	0.27380240536992473	2.2872494533538923	0.8503037293326432
1.8853504525098503	1.3546183163683088	3.537844387569996	0.20633253312033062	2.6894899149127043	1.4290003042258583
0.06997341851725992	1.8052092606394115	3.7503197360657663	0.23825827476431782	2.5596101194711713	0.4699289053362933
1.3583108034992886	2.8360120860418814	3.2566451542497026	0.16568307686627792	3.366011876496155	0.9594703622560488
1.4841268002974315	0.39362751048824396	0.9757274944448078	0.5975539328105262	2.1049250204063252	0.8496869374329357
0.5926062877715317	2.1694768371461333	4.489285572966753	0.11832249534789496	4.032115420989678	1.8071525579599432
1.4031283940324033	2.380718881199045	2.272686644458579	0.343315252261158	0.6938116505402109	0.8999931996472411
1.4757053719616986	2.574151748628681	1.3691925158743725	0.1848588892830192	2.6368798056923715	0.86703432944397
1.0507959954082722	2.7861809413984213	1.2223230517661068	0.3539641252714949	1.7391172667922934	0.34359985740609955
1.325485408409788	1.6117360887199705	4.369609181457153	0.8737151788136772	3.2788776740592116	1.9726593242879154
2.842198041739085	1.159598421703484	1.8080721347003361	0.8196276302546904	1.652765441723178	0.5424363664253096
1.5033776111757164	2.0958926230278037	3.3541108927926913	0.5458706724380483	1.2822239038528775	1.6395632915936706
2.724920705419921	1.3054712102194146	1.8848967499199711	0.7424042772979056	2.19023311556896	1.0368909179088523
1.6942323497065495	0.6722457765682196	2.9350832756413956	0.4557298797314512	1.2455869558678534	0.5393396227317511
1.179325297652713	1.1489645841781542	1.3306640347327392	0.9419888251251514	2.547193074152103	0.610348837507391
1.9350913217428227	0.8805833404175474	3.125366833304008	0.5568484668714095	1.1963684928219032	1.745689941228697
1.8784259123638527	1.5220931272176812	0.39865552950208183	0.6483459026688255	1.3797240452887976	1.7196210514969463
0.7979792730645465	1.3506320808682897	2.1066199599499247	0.4702614505876296	1.8584085747030932	1.7612203916073468
2.8597905851637635	0.8871863911011133	3.7039711559180937	0.8045898702928993	2.125094128818288	1.7164175561095294
0.612347002790531	2.015851877316992	4.362250238777568	0.5578964365029915	0.345200937156937	0.7679332869428737
0.8613902373736726	1.3256464800994407	0.9060987721216989	0.28485734125322204	3.4010295682354403	0.2651329801815179
1.1155690894791765	0.797022451583151	2.7507503174531993	0.5844900772401972	1.7477008369887588	1.0022011774715818
1.1724576003398406	1.183523179998011	1.0442766995292534	0.7733216563521462	2.66390072818192	0.21705572444390483
2.401836333678792	0.9137586877054763	2.366436332028902	0.6487587666147322	1.480656674339852	0.49814149290544796
0.9714815467338167	2.3264338640608417	3.587030240445011	0.4600741257730516	0.42906210877685425	0.5532269982778555
1.6233842670874328	0.12911723739431047	0.3806173957498893	0.3903777871742864	3.125085417331532	0.46077956442832213
1.7115415562693472	0.9685726848567817	2.9874382474727326	0.573234443808487	0.8374453652191233	0.9179423371794538
0.8344048232226762	0.8018549508467959	2.238378096016512	0.9467105697239121	2.214030434999337	1.3818417491643975
0.46181708796819176	1.803783775111531	1.3915844648600426	0.5936986369905147	4.1493225848977975	1.70322273186577
1.5681485969493099	1.4061966890703674	2.3128684423026264	0.4172625500093532	4.214901114812434	1.7880372418127004
1.4814376413175387	0.7766411619869313	0.7794406442914036	0.884710799927313	4.528598616009726	1.2577840568802663
0.8105354980802164	1.0564934424576888	4.052075206101317	0.16059578190823276	0.6866415804217041	0.5761267956969055
0.8663728421394876	0.43866986493967197	2.829221340741929	0.785659056689536	2.176155190642572	1.5245027879134305
2.4567107412357707	2.814394432096843	2.698586814998713	0.6202004126287226	3.624215872388013	0.6604516374650665
1.304339777302295	2.2875368854412432	2.114336271417232	0.8402522922538735	1.2925600951594285	0.20317315167254396
1.192251085325881	1.76818425243647	2.9851404184553743	0.809334843951113	0.30306111093716837	0.5510147040384547
0.5049419864913537	1.5261172996896903	2.643599520900433	0.3748779286859615	1.1926319853969503	1.4180540240359887
1.0537822467358995	2.9195215039247646	3.2306147311759505	0.9772804670005232	0.8058650192206784	1.7725925951688157
0.2255618717816512	1.0796537528325978	2.4911710115753287	0.4245574006674949	4.083548720934972	1.750111304163327
0.4062404604446651	0.9743819516560976	1.3206776347870417	0.7573430005932128	1.277203471914599	1.8346409907661618
2.0935396599588505	1.5509414757345066	2.27999833642913	0.24296967784609025	2.8249296010954406	1.5327463179450536
1.519623887534703	1.2334449671603984	3.008229797831936	0.6620084790493622	2.9657253255668294	1.9950124762594905
2.483767177359515	1.3533720535983815	1.767331624181366	0.9370722243817888	0.7707768261581882	1.0645398141786373
2.183403034513792	2.375811244953865	2.2958380938875695	0.2859864339804824	0.5024160958172896	1.8556165220124319
0.11471104096732278	1.345892930859617	4.939339892579936	0.7054287336965912	1.3947462762314093	0.9960524371252168
2.8931745103292092	1.6279865221384087	0.8840365895203864	0.40392107227000906	3.7092040198220646	1.6760803337935852
2.250897880472235	1.3720249276742043	1.5609000629509897	0.8962872798900984	0.3573046304919719	0.6854214556699189
0.653524358665778	1.0480496672368544	1.417342594569477	0.75619615323854	2.0753539976352533	0.6985212150904091
0.7916235618579693	2.046742445381465	1.137089697595173	0.5589609138368282	2.692653657796142	0.6824462466430589
0.8576925595371118	2.4044789030154554	1.4344495707787852	0.8725596066500514	4.920670814159548	0.41504831651125196
0.7965022354758767	1.5918295269235552	4.647878449342487	0.43944172670385995	1.2374947903496376	1.442462694870213
2.889138474129583	1.6041557286884869	2.4865524976392908	0.9086194059413735	3.582498736680748	0.10169850279508713
0.5362397905410048	0.30167993625603295	4.893407798119297	0.43977907417355255	3.9606261807544514	0.23490182064048976
2.067123075551675	0.7535641724097414	2.4996198268024625	0.31351561918713466	3.581905156932601	0.8077001695860306
1.1169927875251568	0.8274401359038412	2.321759897507419	0.641938175147906	3.46243396114014	0.8623998579842356
2.353054420898207	0.6512425958515782	1.411575735193303	0.5025029244164996	2.1704001190901496	0.7896948641704219
0.5789707508539473	2.287952316302662	3.3648769636250084	0.9774969751970854	0.25753146430935625	1.4899296636689066
0.22228304751016775	2.587132893905422	3.093299846968232	0.3466137870161844	0.9471488154629804	1.0305568291864038
2.2743824268478745	0.2991309828098079	1.574400090945156	0.7450837950573893	3.0171083596555714	1.389620040411124
1.4566852047311167	2.65160774183256	4.314761835739159	0.5033395751507391	0.2930458784133172	0.5239920212056264
2.7216422300344822	0.3623907683601121	2.1399521502280816	0.3434708632249093	4.59830382000052	0.5659421718255335
1.177710116359303	0.24059880425286792	2.340941468942772	0.8779058901789778	0.556670802457096	1.159058488768492
2.7759122205335767	1.441713709087216	1.797335900947775	0.7318150272215269	4.299220580018501	0.8690563771519393
0.862643005272249	2.0331001755229403	1.7184503213204547	0.3871746103668763	3.8157612113365795	1.3406492819472122
1.969177215162721	2.2664067902561373	1.9026252788475315	0.23330063047838945	1.3840054176803795	0.43546702330899034
1.9525531173630097	0.37370775876853096	2.6669400631840525	0.8547380848841727	4.087263402965822	1.5283345964223665
2.1628594236311343	0.4893266545630423	0.79512692659977	0.5916083852607135	2.2881362377048973	0.9133561919718672
0.8868327522311972	2.694595928665236	2.933593745413125	0.9050214251929418	4.4081797192523435	1.0793689936449145
1.2604738856262478	2.305064486970843	1.944679875831769	0.5756160617570937	1.329309698503619	1.2438372892998601
1.564368316239578	2.229669949257832	0.24987766647177276	0.770851937977312	2.286975672596286	0.7738794523353223
2.4070601874068474	0.5071574835966894	2.88157578291107	0.7967118684163963	1.7975691458923522	1.7198537237072653
0.966656710941157	1.4213439892365411	1.6833877283279604	0.3937533733070747	2.090508298166427	0.8660962066149015
1.8145812483137496	2.600562075536295	1.9460706160014611	0.5104344842660788	0.4788029576369518	1.7198396270659406
2.6422886026103143	0.5918960813638634	1.4518715824705897	0.3946020939216832	2.620828639041866	1.3916223743186784
0.27061984943765194	2.4117335906963224	1.207237496379157	0.7590616962357453	1.5950889615627344	1.8895680748468935
2.2474162231366357	0.5451400698211522	4.582777741080612	0.5401775077607549	1.7497127922806466	1.5299023634608604
0.9783139080892649	0.7668179364200209	1.8748178509965063	0.6787171128991877	4.457527092762419	0.7546940165655706
0.7144843165392426	1.7059583012452835	1.049130536711743	0.5376147665102284	4.650947426114786	0.6619936473440554
1.1853101174690033	0.9345272082992256	1.0556727044996745	0.8940836840052734	3.6151717565105597	1.1700519087853443
0.25467327339056406	2.6996466129106995	4.992030520216121	0.3720077969394825	1.8941398387100423	0.5655799701654227
2.7582455243535655	0.3761240162444448	2.3401609298610477	0.14487170838749552	3.0988019226290526	0.9596811624654887
2.191634610053559	2.289263195258362	0.37015811058530157	0.35341455841810177	4.508222597641836	1.221498349224483
1.740999956345682	0.5663767261290372	4.8038447942189375	0.3150235206289159	3.5392046323633455	1.3489901821991972
2.7504508705477604	0.3232452924810976	0.5263923161926116	0.5466775651060338	4.5998477760880405	0.9849223246698119
2.4714574594745327	1.3451702669393595	0.9256607661213894	0.9011855273739854	1.1046640445353129	0.9313189713095844
1.422672212640154	0.8088078554975963	3.7767785342358646	0.8159137861022053	1.0071803734828384	1.0829680083471975
1.6671993455275127	0.56004213363921	1.5873931884071346	0.7312429663104432	2.1689729388738415	1.9268792671605899
0.17218335947931285	2.399392539483269	1.721912200540682	0.35467970355205847	2.1294105487453847	1.71751271419287
1.3177762727424975	1.3761733234631641	1.8312042013007956	0.8577331402002462	0.46539349859246737	1.7539992935854445
1.3771945352764434	1.058535106174219	2.1083402280497237	0.31271957914462567	1.6691031677037427	1.4519042227113321
1.6584629238033797	0.7198489104162762	2.0434106201195537	0.20295412714453187	4.479177131217231	0.23473263537921185
1.520721806088752	2.8287439167262396	2.289575497665838	0.2749954900364494	3.2673993114361433	0.4026563892744184
