params
0.5587554399596217
-2.3906012121390843
0.12448853212077936
-0.6191270410099954
-0.050239183470988005
-1.346443062627977
-3.244366602917333
1.8910954594077087
0.4798861325523581
2.0460557755964666
-1.074921910555459
2.074889451750789
0.16764214908799424
-2.082336818164364
-1.9829948461075797
-2.623650158301189
0.8037815768004791
2.916353020651297
2.60891568423125
-2.5066126719903483
0.29100019595551396
-2.731975272742694
-0.4147671650741801
-0.18876661698296962
-6.015807596867736
2.0215811041602696
2.0640570141512704
0.02201059916737168
-0.8111107976335602
-1.8021637877726266
-0.15200452074541715
3.3199186233517914
0.5922296820982016
1.0229638814443993
-1.5947465722920349
-0.5118850387834915
-0.6862158184910768
1.5952021563465917
-1.1809315126159285
0.48412695025808083
0.8856433458346611
-0.9417685153508637
0.7527890180090424
-0.1714539567315239
0.6401132967206804
-1.6358198391575147
-2.5625722984838126
1.3373774128542602
0.9382938883648146
1.9611429176078528
-1.062917453075302
1.437407792900357
0.2381050258342783
-2.0963228598622883
-1.6677275595488055
-1.3579317287444925
0.913026952174541
2.0965677341310567
1.74780170365785
-2.034135818274864
-0.05809475489678286
-2.3448082787898783
-0.8564535622530747
-0.19560395056860622
-1.37200345506778
1.482477993176682
1.8483525468029203
-0.5669744312297458
0.3168364208696763
-1.816389528547504
-0.19421542867888608
2.8334572805706766
0.6998312148842233
0.43263814918933513
-0.5192567721259035
0.36458329485586705
-0.8604002856401848
1.633872573052755
-0.469711111270373
0.4697035245172337
1.0060401893999371
0.7339155314734769
0.6435181196402073
0.22600025598582774
1.1209228159012432
-1.3342549234572243
-2.25332614331913
0.92694198147326
0.12892213892670543
1.3411498214213604
-1.4898608858770377
0.7984278930413632
0.8733977760843629
-1.3196330740076025
-0.5427008375247053
0.186012240330771
0.6428751187921359
0.7475364159262609
0.12685653881637937
-0.9050656599840904
-0.6742214703441757
-1.2177382636359304
-0.5968585347781696
-1.2590305626290725
7.239023050788624
0.9123137425494174
1.7961242610798007
-0.6616627646961303
2.6038942823034033
-1.6139089591999407
-0.7633045044552468
1.9996963061428104
0.34435564307141653
0.6055312178686574
0.2888660236054974
0.6440662747715027
-0.03958694470719956
1.1043535749547786
1.0015713373639825
-0.48939072031726055
0.9049117748743252
1.5044205792590783
1.5078914333723628
0.651271260284833
0.9024766782022478
-1.1602963233772239
-1.9980222038182038
0.6082422859557921
0.12447553671940878
0.30485404085303364
-1.2722884741743554
-0.49038600496009815
0.5860623843706559
-0.1610127080263273
-0.073442585210823
1.0906367950072342
0.5011182550365849
-2.176079675621599
-1.8720832726095102
1.386341273213506
1.5506228046018318
0.0037358835209709068
-0.02894223816961033
-2.036858121679354
11.593006626937305
1.1153827129293128
1.2640876144374313
-0.35059627443067737
4.5095212270147975
-0.3868349188041907
-0.7044053498280292
0.15292548153766078
-0.5922629733416175
0.42881373389301275
0.6531851739625161
0.6178924634650368
0.9308036142313205
0.06478409660142888
0.9744393963991266
-0.5600523453993896
-0.264132795830038
-0.02920353406179421
0.8123570102717694
-0.32312935099780105
0.7065817389515261
0.6829337957538139
-0.15158251479222795
0.9317536427556696
0.483177612644168
-1.481436450759231
0.31699012267155047
-0.8459160047167701
1.24000699133649
2.5330347795766404
0.7686966170234991
0.5804515089313943
-0.6141718703034676
-5.464433783953374
-4.065004595362011
2.6333313371430833
2.7145949910252876
0.627563025726074
0.20785132438523887
-0.6101244775393312
-2.7323033181159477
1.0098853223573239
-1.0306767094567444
-0.6940178118901997
4.542869087495347
1.6892601915691783
-1.1317517723523258
-1.6494115891366492
-1.094563844638389
-0.0612497260943549
1.2623867759078478
0.08672107099071955
1.5419039838254855
-0.9162381561071568
-0.8798893975070795
-0.5907402365802865
-3.0055735251592406
-2.2180491078589655
-2.194329076599804
-3.83629403951983
1.261191249305414
1.2478433302248646
-2.9872290600318423
0.18625906215806254
1.1794745733008065
-3.411981153283616
2.7502286681944863
-0.5594176043214416
0.9654004352609792
0.40292255738246324
-0.03190356768852395
-0.25364837324407474
-1.8005555675300746
-2.5315638012345665
-1.9971200596618326
0.5717188689537597
-0.9725009677057593
-1.0830271118654076
-0.5912287145325632
10.630778526276192
-3.6687848223836954
0.6198384683480805
-1.2269703063422521
-0.9088875675188716
-1.6924216576893467
5.468480361043545
-0.991930860994792
-8.232152891524493
1.6074147603394655
-2.3376847312244218
-0.2796675360747291
0.9419935261853254
2.2220928900146166
-2.1458743863768563
-3.7741033605650713
1.1284378424819566
-1.2764908124504266
-1.4184328889130595
-2.9619444127655337
0.9032096217194531
-1.461028247430297
-0.29149298878614643
1.1200877380265415
-4.697341233999881
-0.27918847928176566
0.21907916510125672
4.802542784873555
-1.694273306208669
1.9312547161605897
-2.1308654441602957
0.44743552058968494
-5.872846788740348
-3.416900121099946
4.512985543640244
1.0461380903316906
-0.8176439174951105
0.44476290592487416
-0.12280953225323966
1.6502196796108224
0.10859625851640711
6.776414001724861
-3.2808656554332347
-0.2847617882565427
-0.7272475077993337
-5.608651684222185
4.851156176186796
-1.939911614249661
-8.972331699445704
0.1570466152704325
-1.2812636783457
0.32269344947793294
-1.626991913327791
-1.7301102949457394
-3.483895336893726
1.620265629583455
-0.30387374353970315
1.0334843073095135
-0.9053812744440862
2.6638241010560133
-0.5447077178010034
-0.15942152894912004
0.026502371996830087
0.010274869480614318
0.41444951358663473
-0.9082303977307489
-1.939832833851258
0.23427844099949663
-0.09689570151124056
2.824349450618443
2.4012373167749246
-1.4583725156668041
-0.6321380687176289
0.1169781911225098
-0.23763090705163173
-0.04787287809513164
1.284280978575635
0.1502492703637826
11.226985431210888
0.5713831259674407
0.527338615910519
0.9769276685399424
-3.1029617989427205
-0.135786643364404
0.5422683216922818
-27.861535893785362
0.07971019681063443
-2.6353545132406686
9.390982065319681
1.1503924881279723
-0.6501718518330032
-0.3830855221921218
1.0278807217699226
7.024673209926714
-6.326661602414879
-8.732051694668398
-0.9653497371941859
1.9080671676938885
2.5321703291078967
-0.01962551317976435
1.219139835817216
-2.304905267294578
2.385385425927787
0.07140967747353426
0.09551267216743835
-0.885742047253934
-0.2977125248132401
-2.2489013698853375
-0.2274670002848422
2.49048462621674
3.8428313480110665
2.7633473694724713
6.099105352886584
1.5236817158895313
-1.0930961949324247
1.1167831579070657
0.5128552314830515
-0.8714437682431597
4.750689453412665
0.013726421492154183
-3.2123351763905603
-5.558323575207482
-2.0673385080463857
1.2560966661335464
2.99938169701391
0.8700073200309544
-5.223346429751589
-2.626864348601528
1.0821626349334126
-1.7985818159076583
1.7848991502902236
0.3172665680497728
-1.4570323217682677
-1.8594036309083
2.6986386657366896
3.5257098711600254
0.3105087544156132
-2.258760894910275
-2.2057746790888895
-2.0825411439682826
-1.6952406429956797
-0.8679990590304979
0.0993440970472464
0.35848492604518134
-2.2459737338618773
-2.2116165050152183
-2.074947296269749
-1.6550361263500657
-0.9067355624934998
0.06122311968760874
0.341414853877591
-2.280746952757113
-2.2703074462520307
-2.1090185381170485
-1.699180423461248
-0.9321818684155059
-0.0028103629744175296
0.3052028635010859
-2.2991506184465815
-2.2844504974762003
-2.1589486009281407
-1.7311847269061134
-0.9973542927004692
-0.07349682902770112
0.22028930191835225
-2.2641356948148084
-2.1990146184576016
-2.0848281641213284
-1.6567998395409171
-0.9598493686415487
-0.1439665292686759
0.07247084057375335
-1.9849858558060096
-1.9410926391157284
-1.7428948956865289
-1.3166272084757482
-0.6575567251009431
-4.535991809771146e-5
0.053734707823463776
-1.6170382934500185
-1.5816692897902982
-1.3742490554480884
-0.9839331249440806
-0.3453129156018586
0.1402805865340159
0.09586255363682998
-3.8672480923285377
-3.4256152658457806
-3.06988499575518
-2.2893134912461566
-1.7325865294680567
-1.333392418945303
-0.7111926399685519
-3.44100343432648
-2.982421447939613
-2.456680888515443
-1.9259712045381365
-1.1752021652891151
-1.0718815741788124
-0.5002079576819591
-2.9114148906749135
-2.666952036794963
-1.943504369561966
-1.497519229808519
-0.820289048222492
-0.7098980172389838
-0.19939922616032085
-2.5752452785839246
-2.0289594199229293
-1.742852970626791
-1.18475369303616
-0.5091185797368378
-0.6234396730164363
-0.04423602406111927
-2.3136819697762525
-1.8712802411675364
-1.4725108990519324
-0.8070919943136151
-0.7660971763444303
-0.8520629723667897
-0.26826211549378287
-2.0385141207779998
-1.8864650804467766
-1.4107454615669062
-0.8558492062562323
-1.2361603793910045
-1.3410458754093946
-0.715875643469526
-1.7187634277046124
-1.729414821594357
-1.3207000841798266
-1.1345119523803746
-1.7356206761181083
-1.5085880485431225
-0.7079132804008945
-1.5898678445650123
-1.486527076958526
-1.2923016163599161
-1.007905491962719
-0.6222615566457744
-0.22251050048163254
-0.027432853415608475
-1.5568988225966356
-1.4546987126912252
-1.2581555177114352
-0.9839604455147318
-0.6128623294898542
-0.21848618248368523
-0.017422938140406102
-1.527622548814911
-1.4217372076646375
-1.2278786965214912
-0.9482286193172339
-0.589929289487798
-0.20790573117309033
-0.0013467597885012937
-1.4789440687779685
-1.3809881241334856
-1.1906766002855154
-0.9118900059532624
-0.5664219935936887
-0.1899425073738122
0.003085576332004328
-1.4329789115822853
-1.3286867552290946
-1.1516344023795855
-0.8793480323903704
-0.5440130808013499
-0.195785960678044
-0.037673378328988726
-1.32920754573392
-1.2274967625782742
-1.044308662935118
-0.7860845088151771
-0.4614724472272051
-0.17037056386859253
-0.07562874499362916
-1.123208556107607
-1.028379886195143
-0.8491442875032167
-0.6058198330153308
-0.31105032932283594
-0.07923251159503213
0.0116038139098839
-1.9384761752405346
-2.089179765667795
-1.4852697358068898
-0.9791262049621975
0.09840723804884792
1.000581794461159
0.6904794958844348
-2.01290402207592
-2.042461762628731
-1.5360300368591497
-1.12352268508644
-0.30959876923958696
0.8353080258319084
0.5816184214181616
-2.1587361994652423
-2.0082535734854967
-1.8165292340013908
-1.168896620861808
-0.46903657048027353
0.6193124161446946
0.3960157615375467
-1.984393078530191
-2.0782422959834017
-1.683041979556894
-1.1720131847327235
-0.5500981685436155
0.6430737767266816
0.2357619541250335
-2.0527276162118606
-1.742575886586724
-1.7076244493506454
-1.2249631197017232
-0.15121979920016126
0.8146711222940045
0.2014649046255578
-1.6932452233787616
-1.4446024100216492
-1.0764999524878125
-0.7450068351624713
0.6671808997802674
1.4101446986949644
0.5872112950605543
-1.0299024430338632
-0.6899916451308455
-0.42335763437778995
0.2837866900850647
1.4762078127375735
1.6683228481870414
0.7081334792665616
2.4590553725012048
2.4466354079598043
2.3314252252044985
2.0021915537054604
1.2903425693987487
0.45629398902874463
-0.012709055342902842
2.4254947041549872
2.4014239714426924
2.2809336642099067
1.9445450824287946
1.283269116906973
0.4385775152273308
-0.036065489890697876
2.3791500482343735
2.364261485222295
2.242595432808412
1.8946920956144189
1.233354673638431
0.4218462297844821
-0.06403472660065497
2.3360777010163005
2.3302362232432228
2.206364154351699
1.845339974233872
1.2211979435160556
0.43107115050893946
-0.05338873863079036
2.298934446005126
2.2255308510274845
2.1264361821318425
1.7759098971970186
1.1676757809196414
0.4499773636688451
-0.037896129911068666
2.150812874062706
2.0927806028519713
1.9129160318250378
1.5383750614795655
0.9725569576876089
0.25702667010974145
-0.19549623689197543
1.9860435836153285
1.9162209087037934
1.7123416298975611
1.3733127859700212
0.8190857544106511
0.15414782718976455
-0.12086318906514829
-2.6726950880199554
-2.604224695556938
-2.4910566245711
-2.312872564936431
-2.0928546886319648
-1.5397596679882726
-0.4811504369777421
-2.72353070907455
-2.6529430971864967
-2.5443763588985053
-2.3374178058381148
-2.1102455959601953
-1.5391513952446643
-0.5012839403202736
-2.7340588418594742
-2.707985598349158
-2.564977143939163
-2.3753088910698077
-2.1137832890498767
-1.524535608756863
-0.5258066114352202
-2.7327827954002775
-2.6952527842927987
-2.536386761113213
-2.3586135404775814
-2.0684494046503867
-1.4940944677840353
-0.535415172592343
-2.678369627204896
-2.6122359996748794
-2.4701754675971888
-2.2902203431945343
-1.975907559384461
-1.4262079183703573
-0.5336624550260343
-2.6753078283059852
-2.5968452189645714
-2.4542287485575707
-2.207581925438625
-1.8574991652268371
-1.3856334062341855
-0.6046184626080079
-2.5332974754099604
-2.427866040788595
-2.2648641403356904
-1.9757115131153051
-1.6669701539566595
-1.2986302267824004
-0.5921502861760143
-0.278436557446957
-0.41056170527636837
-0.33787382516140213
-0.12858313308190103
-0.39759323141460573
-1.1141118552975242
-1.3542944512952957
-0.22266417871890387
-0.1309712526716653
-0.2427924049239497
-0.4126777011576637
-0.3601235401665829
-1.1294810211410131
-1.3652798494245648
-0.25006331122001374
-0.26990344726009813
-0.24091315641545002
-0.266118673559949
-0.42827813462884895
-1.181873451963474
-1.3780815116292566
-0.31421910162855327
-0.487162058894663
-0.3723969465444004
-0.31886263468259674
-0.5725134287153918
-1.2476340151648162
-1.3059798510218368
-0.5303323845408734
-0.427302420396069
-0.4799864908151768
-0.47716465037732464
-0.6815633934111555
-0.9882436682674774
-0.8870542435184342
-0.4241169199086942
-0.40193507649776195
-0.3634203663885091
-0.4218200485822227
-0.5951759853512126
-0.41533287766275157
-0.21228971152584833
-0.4105958218257531
-0.46402924169796683
-0.4201839689179107
-0.6558761911289532
-0.6517559319080453
-0.1753266372633393
0.0013442786142629174
-2.6304760905146924
-2.537941246366392
-2.3878270818955785
-2.185834906124322
-1.8817875290301445
-1.261590156519648
-0.4078560744535408
-2.635894702076389
-2.5392389191268174
-2.395123313140097
-2.172899153578189
-1.8859864357683023
-1.2538981032910579
-0.41340733791482903
-2.595696631486571
-2.5435624386212576
-2.38077719776061
-2.1840464412850267
-1.8619936642535966
-1.223078947887431
-0.4098535173617387
-2.538266601289557
-2.491861927334803
-2.3344753571909704
-2.1418292951310725
-1.8043970049611942
-1.1796210798656692
-0.3998677279943752
-2.457333893901556
-2.3684355197028286
-2.2449008317230463
-2.050827399398349
-1.7113862943574578
-1.1217471761307742
-0.395623240638161
-2.3877348090997885
-2.307434402581888
-2.1553041361685996
-1.9029338120599026
-1.5491504343817462
-1.0357199076404349
-0.41653781558423036
-2.20383626753149
-2.1093965478706664
-1.936248926584521
-1.6711532822705575
-1.3673210270398997
-0.9554489322038311
-0.41606576063036727
-0.330133912265592
-0.3209501080358307
-0.29338327910352036
-0.22023170407636
-0.19258032401610578
-0.17262363227618363
0.011750925966259589
-0.36451742962159567
-0.3552669617090101
-0.3167746873322055
-0.24613765720246727
-0.18773372333392674
-0.1716142842944129
0.00998272284039252
-0.4048664726366601
-0.37746824205640533
-0.3343410703755279
-0.2527595792696955
-0.1985641406438802
-0.16870863217182022
0.008102952879636735
-0.4435478833363785
-0.40346815385422674
-0.34368952652235585
-0.26225527680994687
-0.1963785857873707
-0.16752334078341805
0.01017899155576253
-0.44364836241771727
-0.4269265472303559
-0.34720009156054815
-0.26936044688406136
-0.20363185232397601
-0.15787505448905728
0.005114203025072439
-0.43528333287111026
-0.40486758134578366
-0.3482785774015439
-0.2578333448994123
-0.18632866152920272
-0.18304952654147183
-0.08086898014954777
-0.3565658591360115
-0.3187671033209943
-0.2418570375755657
-0.13513452745257257
-0.08940394541627926
-0.1342549982576103
-0.06841857112610027
-1.6881504032209378
-1.7696394497190606
-1.8742222242789142
-2.021054015580224
-2.250588190363075
-2.233641237274926
-1.0057887827171366
-1.7416812855812582
-1.80097452803076
-1.9144679901336694
-2.0814331440210054
-2.250728459372656
-2.2433796814489293
-1.0288184902340851
-1.7413724872051628
-1.8131750216647853
-1.9371161321909098
-2.102031787490238
-2.2798233131784085
-2.2570477249998193
-1.058641944952182
-1.76417300426802
-1.7958843491226264
-1.9110070520316267
-2.101132162296861
-2.2534058490879243
-2.242534257377927
-1.0405121792523908
-1.730186419619546
-1.802432361215687
-1.8871077658352937
-2.0447395994993802
-2.190190573847339
-2.1725780802471144
-0.9554264491344205
-1.8006796047238236
-1.8701689496188847
-1.9890347205046437
-2.146896176753035
-2.3426335433934855
-2.279352537095073
-1.0124412507514533
-1.8505397626455122
-1.8780416520315737
-2.0159486068239714
-2.1560257755573424
-2.4092017674724313
-2.274886955911929
-1.0416673798761602
-2.3931614413884565
-2.4190719655775426
-2.352593296100411
-2.217422687157571
-2.3566733889415428
-2.2611668628828703
-0.6672738331748895
-2.4730128135400653
-2.4341419634265273
-2.3930710872587193
-2.3451363889766785
-2.281049497747193
-2.256372180157336
-0.7317020702296326
-2.4336259247115235
-2.471026007818574
-2.384986193259528
-2.2955808068756918
-2.324298129916602
-2.3091303889489687
-0.8842833365469187
-2.486367926246081
-2.370920795877027
-2.251919172386444
-2.2701683818818337
-2.2662854114706033
-2.3616850732907415
-1.011132270304704
-2.416762020487038
-2.400424851594678
-2.204920771858721
-2.1563128453976685
-2.148749897998032
-2.2896551959567026
-1.02789959646661
-2.525001902074902
-2.4596360634173746
-2.403369233608718
-2.373664963523366
-2.451211482777694
-2.516283618757273
-1.2130142565327526
-2.5152726745775986
-2.327769383502372
-2.3633341499778844
-2.235171198567732
-2.4517110101115067
-2.4177751465968123
-1.0590280291940168
-0.3945547230632188
-0.45090688501633025
-0.4762694599688213
-0.35714927055970486
0.09585356128537117
0.504667153338895
0.2922283699595022
-0.39431848033464223
-0.4635389774685269
-0.4763845943063407
-0.3170221408352364
0.025394859020539198
0.46352305437663655
0.3023475197318458
-0.42700166719288896
-0.48953888138619905
-0.5073491075718332
-0.3389354061401978
0.011503746638458984
0.41683114516265324
0.32760392961429347
-0.4219544738454501
-0.5194790353514291
-0.5401428860389699
-0.3440796350204261
-0.033326623894786
0.40719937486769503
0.3462253011607608
-0.43202888666680367
-0.4354328334905785
-0.5012670236514511
-0.3431617554348034
-0.009173456751503202
0.35406809736047
0.28945597555857117
-0.32241556361041585
-0.36518268007715027
-0.3517723971941737
-0.2477295168488738
0.06776585045998512
0.3547082987289619
0.33451809849136394
-0.26154073353797064
-0.33693388511749783
-0.33635146324648707
-0.23465701434173497
0.08691597176346366
0.3425858219462127
0.380856195893941
-0.2773750578111672
-0.3096405114837042
-0.32605265136982725
-0.43555191899033646
-0.6521318968748046
-0.8370444381123816
-0.8632880527498175
-0.02413803251518763
0.02142859023136091
-0.18071054718098245
-0.3628499040074273
-0.5538167955596133
-0.6821288773080751
-0.8697800125969449
-0.08216673301389865
-0.2223236705053878
-0.2661895037180741
-0.3999906393284673
-0.3883710180038708
-0.6669469661204936
-0.9380796956424478
0.10177299982222972
-0.14222778919027051
-0.27852986326918827
-0.17005204007963598
-0.5129290459869192
-0.6315475166833094
-0.7490976192320846
0.15300839462198482
0.13904684936795925
-0.060860053299664325
-0.29633237113176586
-0.41899361536497043
-0.29611617259446865
-0.32781416674314795
-0.219582880511203
-0.04224802542739879
-0.1255431542374623
-0.23932680703405956
-0.3256360261042257
-0.06699574704460391
0.0498370810626311
-0.031428778581457796
-0.054387472607265626
-0.3267679557466046
-0.48321502984899617
-0.2992561095765352
0.0643422910443787
0.014760917159710386
3.2807885669618915
3.0719171200974884
2.6630264755454545
1.9453108605308378
0.8317508988487445
-0.30871412858914526
-0.36350664287399065
3.22875533003125
3.0193008064809184
2.586378688669063
1.8744238192830187
0.7781960507211129
-0.34810490597711025
-0.3993914575489123
3.176402052750886
2.9610722994223218
2.5225915863381534
1.7840505441036674
0.6922641352751063
-0.41233030747701965
-0.45026106208320504
3.090495503256816
2.8912443876647993
2.4540783433080167
1.685294103108088
0.6104356010400971
-0.46374114946726247
-0.4649558610453434
2.9998679961035934
2.767205365110381
2.3530262793020427
1.5924106295797236
0.5532437251720207
-0.4787746747713268
-0.4050867791482145
2.765077254815898
2.5476620850106886
2.084899462048768
1.3162862277853806
0.26480174267581325
-0.6311521167905527
-0.4266202973411699
2.3684057939047114
2.1651585607385098
1.6900165685432549
0.9405541869157082
-0.07440671563491354
-0.8225228082971325
-0.6212093424488938
-2.088331769350608
-2.0054163469078032
-1.8672979389611384
-1.671953567026738
-1.358227558468165
-0.8484604309018045
-0.3060210004471525
-2.0536161395873274
-1.964813548507377
-1.8258607361358992
-1.647244922938985
-1.3300876568105897
-0.8417978933190365
-0.30322306889871015
-1.9853240588704528
-1.916798526324481
-1.7811584383581254
-1.6157961997712031
-1.293922144808801
-0.812183826444085
-0.28313955400028834
-1.8995092008332737
-1.8294691366319078
-1.718080199502755
-1.5487536873688639
-1.2224916737680074
-0.7646634939706052
-0.25209723422773744
-1.7965074367519962
-1.726025593872169
-1.6225109408208014
-1.4333608158803455
-1.1482925733556362
-0.7187435913962155
-0.24003206529076843
-1.6763173349516676
-1.620567165823687
-1.4988096415514793
-1.29252873871275
-1.0494026498862679
-0.6715041852690917
-0.260439881211916
-1.470701458805376
-1.4113079692485655
-1.28484551478982
-1.112843596450406
-0.9325075109342708
-0.5947338045070196
-0.20491020601206153
-3.807058047212794
-3.7297103365298896
-3.553527174031168
-3.259939883444062
-2.7081621981179325
-1.8128455389411042
-0.6801042226896415
-3.8427834943218464
-3.7699653889308054
-3.624590167175509
-3.285224767160819
-2.7057850599722397
-1.7838822963425305
-0.6658185150448
-3.8535806167594227
-3.75672316227387
-3.62780763402884
-3.2848666032586924
-2.6634547408745175
-1.7322125064702285
-0.6353543563669111
-3.831310898352506
-3.740246557070821
-3.550048586743272
-3.2180814939649234
-2.5685081793343234
-1.631665622583589
-0.569763395195395
-3.709455952052308
-3.695105012080161
-3.4458624475624298
-3.0648481340799463
-2.372888412555262
-1.4610644855436625
-0.4376908443700095
-3.585163226348623
-3.4780135976797895
-3.2599204142994767
-2.795464938257649
-2.101955444283318
-1.2507677366561343
-0.3958101161409787
-3.28610756223467
-3.1103800955260734
-2.851758299291339
-2.4080473723890314
-1.7216584369207595
-1.031224744750346
-0.38143552362849825
0.7019199317079573
0.5512347568212643
0.6790333023054936
0.7875673672900837
0.6732208737070879
1.0378870453903046
1.1002321267049486
0.4849143315913285
0.577552326366096
0.5220603095793921
0.7134149987827249
0.7826606683696564
1.2005408762861558
1.1495732040501414
0.7537581975534202
0.3327471613929183
0.4174411584753425
0.5819372564843662
0.7332757270905894
1.1448028290142052
0.9777809952455206
0.5210763558004329
0.49016484562282553
0.5206930620524448
0.3173758554730059
0.5313279235034727
0.9234394439366885
0.6791675422952329
0.4053975599252594
0.6072131266324379
0.5703329176633202
0.5010588585820592
0.9478830963308909
0.9719298123329845
0.5677466659691833
0.44567322478575955
0.4520032066957799
0.4806727380057666
0.35497752341352334
0.6066913598585527
0.9554372838668493
0.28706746827598845
0.35306624513555995
0.7771911389659353
0.4640053275598004
0.8659110927911897
0.8632305781176829
1.0751407130449957
-0.2524853777717576
3.4744922838775194
3.479920731447085
3.327867391048259
2.863888927679278
1.9619295573269058
1.1694591391974083
0.5107024194706349
3.696332027966473
3.6832512548559984
3.4634286058552926
2.9601211311640685
2.13421326626968
1.2944712475863567
0.5923132965706301
3.9117850717826466
3.858465016256991
3.7335616476494087
3.2189565618428717
2.294381435923594
1.4066309823023904
0.642532450152785
4.096745884676143
4.019630562320624
3.9249060252148666
3.324905813082459
2.3402011353964047
1.3887713247138316
0.5511187635747237
4.024879279368389
3.8605564933984216
3.734400008785712
3.0479111713315477
2.0509232604210967
1.1467727743706297
0.30938164545305985
3.672705455985011
3.6395499009803762
3.2496481144444638
2.518634554853529
1.6116924640475416
0.9646435475411547
0.19422452231884146
3.245523172814141
3.161557786314644
2.700082264647678
1.9019437266969936
1.174067505544787
0.7344276043078878
0.2842426027734518
2.2697079272751592
2.067802980587227
1.6152214740227866
1.0893725639493104
0.5645825596364697
-0.09488170889878333
-0.49697934998165094
2.013854884496399
1.8182646201263886
1.444171941148186
1.0464728069220108
0.4647006169931669
-0.16219443546388015
-0.511591546075541
1.8255227544717352
1.6110018644047295
1.1804495231585743
0.7200185083375928
0.3287290966493742
-0.21257515540892447
-0.4719923659784491
1.5060737314669788
1.3191098492165374
0.8218200042234217
0.48932035270555796
0.1824492835114367
-0.25620798304790765
-0.34584680700190323
1.354480721645676
1.2346330040908138
0.788196344720734
0.4883180266870058
0.13563237682440676
-0.24494087164724843
-0.17150181180423477
1.3176778711625616
1.0021832430972197
0.7449492815366421
0.4729847752973154
-0.01287807303978396
-0.46710898518001315
-0.1405459296528272
1.099253195300581
0.7843168597844908
0.5709530639003321
0.33128685795683027
-0.21609971831433006
-0.5721924544038746
-0.33491266381682755
-1.411747416916794
-1.4015395398812442
-1.3648863789171934
-1.2646268885132588
-1.0307955836014515
-0.6590948761636048
-0.1616254987748143
-1.4163133200180056
-1.4078341687479197
-1.3780523462294174
-1.2767177001059975
-1.0448496684123993
-0.6724273674012433
-0.1692780617417372
-1.4230610937008492
-1.4181771458639996
-1.3809746701467078
-1.2780031457011964
-1.0521691345879551
-0.6890332243738067
-0.18039861288134754
-1.410096319333875
-1.4135468708826235
-1.372280499214497
-1.271078058513392
-1.0564461496468396
-0.6990509489960182
-0.20002759965341804
-1.4015826047995492
-1.4089459269835447
-1.3760774869716417
-1.2845461168481542
-1.0787580342277445
-0.741410732859874
-0.24424820477051762
-1.4195691650941662
-1.416675596244363
-1.404862332692241
-1.3252892688927262
-1.1420294602020895
-0.786005544180142
-0.2794314208420305
-1.3631794178956658
-1.3652118897995602
-1.36194423463755
-1.3190907081286738
-1.1243362757740276
-0.7408256895253071
-0.23820019503411555
-0.35938609056999615
-0.2091651604773396
0.09071682024816488
0.11352698006617754
0.3594358921649385
0.761614943771703
0.5638243689283248
-0.16962225457912947
0.011871003946279596
0.2927121697374775
0.36590528286068275
0.46196730419925786
0.9494512846552986
0.7740438867936862
0.08141967688055189
0.2494322324389221
0.42323568570621145
0.5334710790632186
0.7484892430818514
1.23487812998955
1.0648089279293291
0.3447577366507088
0.4498849505314317
0.5807532680202763
0.7233426172073953
0.9704569207573536
1.4838575604353421
1.2249170328866992
0.2701123368678222
0.5408285351752438
0.5692912541286803
0.8169556142695703
1.0834687392403097
1.401871416655367
0.9857090369841464
0.2862197487541381
0.439987967406274
0.7306777620168368
0.9264346145439862
1.1826714939596448
1.1997402750523325
0.5296630700217634
0.5993215831146579
0.7644865587073979
0.9778499396332166
1.1782093947675634
1.257353070840997
0.9454530912978338
0.202935617001632
-3.7706060675234117
-3.709367101454692
-3.5526967730204864
-3.2159851011807947
-2.601197294237108
-1.6826915580445831
-0.5956378335186886
-3.7767463376983788
-3.7042339742028223
-3.537077105605374
-3.2087597498221814
-2.58340301476686
-1.6779737569221518
-0.598062550568792
-3.7554512379917844
-3.688759299094459
-3.5247264499786817
-3.1812556447648532
-2.559631263516041
-1.6652467762415082
-0.5975697107636136
-3.7361114845428745
-3.6663153734388314
-3.4928573824840754
-3.139284342554897
-2.5185781333513115
-1.642003524724466
-0.5885385188968121
-3.6907849104477988
-3.616384033310526
-3.4465115993990074
-3.0914234178301716
-2.475794671548378
-1.6094683929464744
-0.5679545908512984
-3.619725869790548
-3.5544539106697726
-3.374503524465019
-3.0127831641403384
-2.4012690758013453
-1.5659302336722078
-0.528610766273223
-3.455063545880541
-3.377982037017856
-3.202507295400452
-2.8369742020315214
-2.2598312175718998
-1.4797195368767495
-0.4692438524481328
-0.001789273694104092
-0.13662065528664472
-0.24497374418253295
-0.08881545128800716
0.848218604021537
1.9085291285479342
1.5789921048785267
-0.016501512912417242
-0.21431203087003955
-0.31112371591030286
-0.10109508290449935
0.5919486635796436
1.7053958254602037
1.4708659146621244
-0.18874466727061903
-0.3345552676960476
-0.5181588948007956
-0.37637129318536994
0.3812309969289692
1.4674694713198524
1.3938511257513309
-0.31224132850211256
-0.5109564907904033
-0.7839064065814095
-0.5928762976180313
0.14585081684428658
1.3334288904296054
1.4120061931568562
-0.43242047807450734
-0.5285091379824763
-0.8228913611953247
-0.5845787025742905
0.16314496924852975
1.2440292958560115
1.4201314119496522
-0.33381298373806984
-0.5164011901669562
-0.5727071205423356
-0.3754063929540588
0.20680750923191804
1.1045918751497512
1.2632521002664785
-0.3427607266085204
-0.5592199089913249
-0.552725281422984
-0.42135116437833703
0.07526382074287022
0.9283810532688603
1.203962004008649
-0.791191664483873
-0.8646057980300104
-0.6129590198532897
-0.1739064923912813
0.44434334474527726
0.561123475886874
0.293037675771479
-0.6492203011916734
-0.6851878203865587
-0.4079893783148602
-0.1757078683289754
0.4953324865879102
0.5628719604000887
0.28497777119901135
-0.631452632778667
-0.4975629757837607
-0.3736036661633117
-0.004588188390794344
0.5308097283296227
0.5698916580858615
0.26813848229264287
-0.5086404234824986
-0.3220510159320744
-0.216269603663318
0.1506729515803765
0.678961228975465
0.6291288343291245
0.2776347392797792
-0.44111729609808764
-0.3056834799964842
-0.11685963894436317
0.43164781705200583
0.8822017922631312
0.7743344694711037
0.3411266473692389
-0.21190153983574841
-0.07261895227727493
0.2762527555910956
0.7327034162851316
1.1002441660727942
0.8592184113023914
0.308753561368321
0.030615038254682127
0.2016348043707232
0.503902199949356
0.8824886642667557
0.9822129062916126
0.6185410057894313
0.1270790240862634
2.1677028411651045
2.2996539427045937
2.381626221810989
2.442171282598169
1.8509131833930643
0.9601954062119311
0.27886526700678255
2.2673910522410514
2.4664758790351136
2.5596041203259867
2.46572585722694
1.9226197896670378
0.9719815664489106
0.29671002208737846
2.500119342254471
2.505250575681124
2.7629309485439637
2.610731479255379
1.917768104948151
0.9564818493835361
0.2996922829388295
2.737036112192094
2.717819570298632
2.8199862283909067
2.56912693876674
1.7722450723536978
0.8180107004901366
0.2278748935504111
2.8934778889831114
3.0192283074401787
2.7942126847777207
2.2457579286414635
1.408873292998659
0.5769064482826877
0.07211345882335894
3.0016044560461275
2.8686585477278426
2.50059170302866
1.842903404874091
1.028977155805243
0.3995598852201779
0.06775655029277039
2.6909649964989018
2.4183604464497064
2.036609901171827
1.4225762587276267
0.6886100379342464
0.2965130226530143
0.10203433274858544
2.5302755350334354
2.454868174539121
2.288321756701456
1.9653474817397365
1.4269762089454592
0.7521386151274265
0.2266122098596093
2.5281288767433643
2.4457580328044624
2.2688331178653875
1.948646264922964
1.4084394655461476
0.7391335855768723
0.21797938202393743
2.5057822096027937
2.4276809374705866
2.2509827402058273
1.918322519358559
1.3780479830922017
0.7144502931747974
0.20389025608150974
2.4729724097817276
2.3965430083546817
2.2148299777584795
1.8706760521072079
1.3329956086862358
0.6849131741974571
0.19266920372922722
2.415363323159216
2.327008501374376
2.1531284938414674
1.8080224933089888
1.2817137674449213
0.6529077636225468
0.1954133663108032
2.3152687720795555
2.236585085591077
2.0436885211339737
1.6905361060561903
1.1647666771585696
0.5936430236389788
0.18257346129828783
2.13254935862378
2.0494053258680496
1.8564408452069965
1.5054400025164
1.0074135992893405
0.49473259038232514
0.09399302167131715
0.9302290767219968
0.7804261915982286
0.5952109254674144
0.48952237027338863
0.49375863459031005
0.6323013074338067
1.3022487020371867
0.7007335374084984
0.5565889368289018
0.32940710439923143
0.14798824506970568
0.2945384799002751
0.37202343795380854
0.9957753876801645
0.28668379815221157
0.20935696248932648
-0.06539508402250784
-0.25035058787427933
-0.17546966684213522
-0.09513683502104478
0.47670864102647925
-0.2611230935686592
-0.30701101779776985
-0.5484420191491923
-0.7499137275468164
-0.6714312359554774
-0.654098672527824
-0.08309941407775935
-0.6221286380122693
-0.9097709821996303
-0.9726894758245312
-1.080117666090758
-1.0575207364508565
-0.9571908295670611
-0.341839272419561
-0.8863210923052216
-1.0051585896134512
-1.1805168512588948
-1.2008713768713868
-1.2149560441877785
-1.0006537420127712
-0.36234670210966197
-0.8724248212163523
-0.9264675366895658
-1.0460255819153572
-1.1520514137564382
-1.1283898834715487
-0.8318949132139456
-0.2713438198002658
0.4416459342675638
0.44582338474762206
0.3630864830396783
0.0850265924625097
-0.5808014029910352
-1.2151348007621248
-1.0724784426638827
0.37138480327422135
0.3869803338068774
0.2948397427849669
0.009547485563649314
-0.55791555080343
-1.2104152183633399
-1.0867461986844282
0.3570282016786124
0.3617529479278261
0.28082276512635285
-0.0016049386529154554
-0.5795720375846686
-1.1961114111122337
-1.1092344986237028
0.34524930320477476
0.3503192693217716
0.30090296937241745
0.0020490638255305357
-0.5484935848050772
-1.1514018693093064
-1.0898089484931086
0.3786266571867105
0.30216474558606504
0.2659694871252704
-0.06604498402861322
-0.5896272184033837
-1.0731643724524538
-0.9958521859412203
0.26408222519698105
0.2122616226989189
0.0276605368380467
-0.3221926076302122
-0.7436674453353731
-1.1183905792521363
-0.9025488033556935
0.15534570699851913
0.09600359640373743
-0.1333842178919172
-0.4293395052055588
-0.7774030049997896
-1.0727072426798163
-0.7522206009764303
-2.3783014587792244
-2.310838649373701
-2.167526040471467
-1.9130232116689176
-1.484923576854547
-0.8741726186213303
-0.2535945284634515
-2.3710433317380804
-2.3053864622100813
-2.162416614092934
-1.9082260793926982
-1.4747423185746515
-0.8708023631144705
-0.25432580606549354
-2.366841318638434
-2.300083492041399
-2.156023028051139
-1.8975723542126355
-1.4629292560202778
-0.8656456609359902
-0.2554105240438431
-2.353517278152659
-2.2845907243846604
-2.1453301913369156
-1.8862568985760115
-1.4474360682974348
-0.8589069516872322
-0.25561152327691133
-2.3399060273186
-2.2697707257149453
-2.131599108106304
-1.8701201662081297
-1.4343967586728914
-0.8536571140903392
-0.2530988572333768
-2.3032456041263343
-2.235064349948506
-2.096451954058387
-1.8404916036386203
-1.4089820567777518
-0.8438340665305791
-0.23761538713116245
-2.215282259581317
-2.1463264936511606
-2.0080300023609383
-1.7514445633600852
-1.3405527231020942
-0.8060199486729124
-0.21144393323207938
-5.705795238965471
-5.543217213944211
-5.176286329287734
-4.575139568020223
-3.5407869169471486
-2.002229957730014
-0.552663461426061
-5.7928496541819126
-5.597647382929092
-5.246260891930012
-4.566107797156319
-3.575140414687231
-1.9801859448567445
-0.5317426994276703
-5.776527820777705
-5.662004892344493
-5.311545455125409
-4.655480502976464
-3.5693184890775913
-1.9553504104306096
-0.5072588465199745
-5.8032263096400465
-5.6664634069678845
-5.321063220258228
-4.681104871243601
-3.569610980881219
-1.921811340573808
-0.48326439948925776
-5.733692795981778
-5.506615387640989
-5.196884245994221
-4.5377850539486015
-3.3775942035158693
-1.8280512409196223
-0.4383893631565603
-5.474061310830299
-5.309601148938778
-4.891710224333402
-4.177159200680266
-3.046805985354021
-1.5942045043488602
-0.3698182385865775
-4.891553187168989
-4.649486963265841
-4.224924036046006
-3.428369261745529
-2.3646750500854776
-1.1038498491662605
-0.24332438815378837
0.1668573322566671
0.34261711510500364
0.13798101190210998
0.16304349131274656
0.530041463484946
0.8631916827975774
1.092158221743277
0.309100518275724
0.24243974950948619
0.3308469734558467
0.3722781736015782
0.4897826723289738
0.5776261331591447
0.9024473405943148
-0.06799671874487778
0.2677579947996839
0.060022132504912167
0.10289063000629986
0.40194946621451916
0.6293803425910871
0.7088467136718222
0.05858834092294257
0.2682201283150613
0.04296554494108841
0.3888066047344545
0.25242663349779776
0.30220374227488667
0.6803625221622447
0.33734256353026076
-0.014147055308979863
0.14993978238631536
0.06598897023675704
-0.0034445346536973523
0.30768933418649225
0.4902381053065445
-0.11514567876781301
0.018475058345034594
0.042604748149650665
0.119495440752102
0.15905083475683537
-0.0821667438332127
0.041415706643724674
0.19276283377079073
0.19335606206320313
0.2003501492843865
0.014738410943572838
0.2697540373455571
-0.20204806401338643
-0.12857079103299981
-0.3356388894253648
-0.3203096560991186
-0.2889598927078942
-0.23833726418414122
-0.1648793543132937
-0.08203845584211406
-0.02631080025552103
-0.3277568956965567
-0.31281759299552253
-0.2802031462228162
-0.23228712769052573
-0.16111119951023112
-0.07855824320062274
-0.021362451728650582
-0.32185484102256384
-0.3039535821226431
-0.2715355065021012
-0.22089761835680105
-0.1534313783979248
-0.07257209029456119
-0.014344960610204027
-0.3106024939976795
-0.29514837420417983
-0.2622636141484163
-0.21083677814280885
-0.14692346520960592
-0.06668483602261724
-0.01174434716954241
-0.3029260772760392
-0.28710903822519673
-0.25678033715935433
-0.20864177246145982
-0.14720120000505882
-0.06999167195001767
-0.02032953371166867
-0.2856812997015583
-0.26909392164771184
-0.2391290079242688
-0.19433079700535746
-0.13084367254455312
-0.06340616761155082
-0.023794964363883144
-0.23472614934100142
-0.22083682099243584
-0.1902613048475732
-0.1489436411647761
-0.08747100895423532
-0.0357893090287895
-0.007634819709785459
1.872751315795802
1.5525191525467084
1.0091239535102547
0.2655718735898499
-0.5475338155282143
-0.9136418639054441
-0.3364333614177919
1.818551577370702
1.5305576421066733
0.9637459217914501
0.16368053988514672
-0.5585950016151573
-0.9727282851108474
-0.4121312845308466
1.866560007241444
1.5316103963454624
0.9351111471343638
0.09104724012369039
-0.6323745419366816
-1.0209384976713016
-0.4798458844945666
1.9045759139840333
1.5861164649244872
0.948768567610709
0.0878475737126542
-0.6097730649867464
-1.0198805861948361
-0.451219013646346
1.9914098310112782
1.5975935325743682
0.9710713061593121
0.13765019496123657
-0.6289068707154739
-0.9576739079033489
-0.27161066038806975
1.8306272347915409
1.4037284570709674
0.6981081165191588
-0.13542750141755466
-1.0016559171219213
-1.1060861676494709
-0.21084176165427376
1.5117608607366801
1.0997443607052493
0.36255117673789805
-0.5516138741927556
-1.4560592504484469
-1.3473003604716318
-0.45851413576845007
-6.803458782121757
-6.758659175737002
-6.586152166649349
-6.117635632797978
-5.144848179631133
-3.4139668883681042
-0.6077549568505153
-6.820743731972705
-6.787523104659405
-6.615132236712912
-6.1916435440554585
-5.18728956760524
-3.4739045504548485
-0.6878511488718831
-6.845743155159142
-6.769426235632198
-6.636511639352832
-6.230305748709118
-5.241538692398101
-3.5251962626983655
-0.7674103198506312
-6.83717718341154
-6.7529183820708365
-6.6181028543441105
-6.2113549349881865
-5.207487188932636
-3.5418808716032126
-0.7942566964541327
-6.778247546159919
-6.785031433845938
-6.59514930038036
-6.1306973665134885
-5.1837324484217655
-3.5480201741801105
-0.8073497857549181
-6.865766138792801
-6.821903023439084
-6.639339507252766
-6.117690649901211
-5.304807069770789
-3.74355175953486
-1.1006628472424242
-6.468464901515328
-6.383904525653262
-6.130837797738948
-5.7104819505446756
-4.99761406095948
-3.463373780556945
-0.9603848091140789
1.1466929981441938
0.9714928971317703
0.6517295702696825
0.29446866396188837
0.08054645752662488
-0.03398655395193082
-0.3375345909749221
1.3580893932530618
1.1924287506041906
0.8686881613673048
0.5520197130941021
0.2837219346363279
0.16304383641700124
-0.10415025585789867
1.7325388227116385
1.5278331203529778
1.213482602848979
0.8754945703048718
0.6082495544818287
0.4462841883574452
0.2419042544141598
2.0588192395164095
1.8334867899970029
1.5069923229239177
1.1803987873253592
0.8431126152098581
0.7029923028680077
0.5512004578962486
2.2146018386564963
2.035019361465536
1.6708724123535936
1.2498465251702089
0.8805877314631904
0.7017550197269422
0.6403288739624727
2.1384407995970234
1.8946127550312757
1.4967213350837008
0.9640669098907106
0.4895277853331384
0.4299848080543747
0.5941983206347039
1.8104578332454957
1.5250685078018402
1.053239677863852
0.4540766593720796
0.03639008498031377
0.0837318561709872
0.25050057454612423
1.003905372686258
0.8568193658875917
0.5608033258140395
0.21760306608090033
-0.08190718567860096
-0.15386052651555016
0.17353337121836898
0.9251319055337918
0.7772250426613809
0.46592968921223465
0.16915526996385877
-0.1321808451300553
-0.20189546278886225
0.1190190761769337
0.8937386109041883
0.7046935547900651
0.3997783258811562
0.05613538157754566
-0.20999297877737555
-0.28102379473645367
0.044287275540060414
0.7812602846823292
0.58509449239003
0.29133660075087625
-0.051411568781148276
-0.3212642409471891
-0.37737327081482697
-0.0025483370298900873
0.6737024650567859
0.4674533749731536
0.18109678593414105
-0.19347297813987052
-0.4454611403851674
-0.44685364544077844
0.05948648414456118
0.36004774707151344
0.14836226457700843
-0.18295983916631134
-0.5342164044109143
-0.8038894393769218
-0.6144714012237341
0.14258031782772743
-0.2810832244271494
-0.48277804656523116
-0.8254303969936395
-1.1901111064616037
-1.3709390302471816
-1.0220602160826677
-0.2670300076645402
-0.45549170523006804
-0.25656493643913625
0.07014010873976399
0.5698299169918087
0.9802834965296955
0.8014664863066577
0.16364617423443695
-0.5350366815609975
-0.2018318904115363
0.21610321567841245
0.6325788896912556
1.0899975888664992
0.8336988682952757
0.17475504619237936
-0.3284985892728424
-0.08979878621095277
0.3076319463343429
0.8211366503109632
1.2052837495788102
0.8718740629239782
0.1833113419525373
-0.3610001085829097
-0.08784481003047254
0.44570191322887337
1.018008501878387
1.3353549140175327
0.9078639422619723
0.19024863575621467
-0.28410794627762637
0.009063578243559151
0.5231428426558782
1.0934546661532871
1.400636909069611
0.9330020413076763
0.20083858247410363
-0.3016900119837253
-0.06589366337356686
0.5014452643351464
1.1501330333565611
1.4194664893081523
0.9396793084388285
0.23669555599726466
-0.07846125437876643
0.2602983719404171
0.736495862123498
1.3905338390038877
1.5309689120664807
1.0143410170145295
0.3194047243541614
1.4940989060950958
1.3138232956697133
0.9982299707381077
0.5937339337888168
0.04888548201759766
-0.5263645981808083
-0.47857377936364903
1.4677302274194124
1.356240043214099
1.083843165849465
0.6158550657567221
0.10519351815966614
-0.515759617521492
-0.48612750804375854
1.594434950686298
1.4384595411343108
1.143478072594262
0.7153726041693819
0.15719194440536752
-0.4956772436656244
-0.4927663680879103
1.60219026289134
1.4654666978310138
1.2347307258102496
0.8290356708260802
0.23834888994458034
-0.4635594513831567
-0.47997868770450053
1.6724305773679982
1.5281653078220847
1.2956260013129597
0.8923927798529215
0.29769694025416155
-0.4008011437858588
-0.4259772719701268
1.6742388779757766
1.5043546836275665
1.2921090294260973
0.9432391602173124
0.33838621789860895
-0.34851201919951436
-0.35972029359321184
1.7772304309290436
1.6684171627374995
1.4189464941876855
1.0892077198213759
0.42339288508355644
-0.2866078735305192
-0.33249911062859583
-2.065625108739037
-1.8639476197133311
-1.5093591406521842
-0.9480048547806263
-0.3108543101189678
0.038773712920926885
0.006518682374430095
-2.139552796789939
-1.8663819511329285
-1.4594770549548517
-0.9253795334724748
-0.26972599271579634
0.04944458915638685
0.011684863008517154
-2.065582231307907
-1.8425856335928972
-1.4419204489410264
-0.8522638260877037
-0.22324159807084235
0.05977797937482614
0.014593610192213693
-2.11689653957273
-1.8782099541902904
-1.3981298278406862
-0.7685856535701387
-0.17319121263472612
0.06892634883790123
0.0152787952882823
-2.0948364342917722
-1.8351870722185384
-1.3666930012728589
-0.7416129475339903
-0.14682970864516984
0.07207858724750849
0.016411321310822846
-2.1144336669374404
-1.8878483510956225
-1.3834769022533535
-0.7162360372582096
-0.1373271502169759
0.07159579985456777
0.03516434666348299
-2.022045967336378
-1.7438081998353445
-1.2866476676819496
-0.6184667313690945
-0.0944616335015831
0.09741388190551448
0.07265798933861829
1.3876010572128252
1.1713340231835736
0.8076594813377709
0.47522327038233836
0.5610431390962121
1.0147674870835075
0.8822243195321381
1.1692751568260473
0.9401851646047632
0.5371957561113703
0.2724788713457197
0.24818979611693714
0.7194025570304367
0.6438949157393495
0.9273045202187103
0.6041379061710259
0.18396225472810018
-0.1809772227994545
-0.13768996444529805
0.32120500240992894
0.3419358753669044
0.6660711893089133
0.2892482844773473
-0.18917146013612862
-0.5547325104530252
-0.5337569392419882
0.020706808520519097
0.14178913257787373
0.5141084319758679
0.18593701950747554
-0.36269278211498573
-0.7761709464296948
-0.7259129874870595
-0.13471345196103943
0.17571749425446145
0.36894826342790726
-0.043117905085631465
-0.5965217415428566
-1.0578520471944535
-1.047025976127535
-0.22204862187456745
0.4352758102700156
-0.26217978979985535
-0.7052317023805675
-1.326178972554924
-1.8404048902127808
-1.7338390650645314
-0.7233448137183038
0.0494105235291076
0.0025487156166591847
-0.04669765147777921
-0.28906475859154757
-0.3102957226243802
-0.4868656746586173
-0.6254472651620826
-1.0925347963150465
-0.1290779656285642
-0.14964304181747845
-0.17202674478691415
-0.23442241954569557
-0.40190133244605963
-0.7775233145352999
-1.0263238211466597
-0.06398797366448003
-0.03725099665987443
-0.24922587859637765
-0.2853076536479318
-0.4315982495884076
-0.45109169460557624
-0.8555382036238799
-0.09794628428686532
0.020826697700683395
-0.09322149538494896
-0.14766047663976595
-0.3694736265584084
-0.5550793397252838
-0.6666375715597712
-0.0342267765152117
-0.05655822489441625
0.035293896535013636
-0.08759396571068732
-0.22084653536544052
-0.2282642613711502
-0.42392889638700215
0.038497716775294594
-0.017902047243402667
0.09601880608192992
-0.10765561532869548
-0.16121584020873383
0.04996498793774266
-0.1157058290232791
-0.2594162433185253
-0.09773665232795546
-0.1109446518820587
-0.2491082255000548
-0.20478613215549962
0.07146018214658806
-0.2871024062022649
