params
-0.5867002067002325
0.3692252240858522
-0.7521168177196391
0.2081695284935057
-0.10140853465302221
-0.2304413101524668
-0.7606493213096701
-2.2904597964376685
-0.5415460141815487
0.9576071792631022
1.863291719550097
3.9078302111785588
1.5431707501611207
-1.4300480006748377
-0.0033430999873269823
-1.0762728587896748
-0.15860567529428554
-1.2227607328014565
-0.6514572625935201
2.186839814449929
0.07713082263491253
0.2871938308763369
2.7158289250510803
1.5810259684183432
-0.6840129660333194
-0.1388700136207299
-0.24350765894735915
0.5164809515595652
-1.3023401208284198
1.1256907802012377
4.944195813927585
-1.0155732166983518
0.06633686716342434
0.10121039330085956
0.28367565592626875
0.37929948798856744
-5.242909072928759
0.4216808253256786
-0.14275043797175035
1.964437721919527
-0.7450664453128908
-0.29347728374275317
-0.48774651077438386
0.06050385532122121
0.3363489296113299
0.5227275347032476
-0.5235753751230178
-1.689701769069205
-0.9179667339767087
1.2776598719828893
0.5107910516130562
3.1473746612254256
0.12338504959188011
0.09303813192812017
-0.1949868557107933
-0.7881964790529006
-0.05823858377698321
-1.3153877536040817
-0.4366284517209901
1.3830495672837566
-0.018818955399743674
0.5464198660521329
2.455403952797909
2.3538427142017615
-0.6779414880277518
0.062221705422398736
-0.7322319490610836
0.31795544841222767
-0.9222463461579947
0.5151575716477247
1.3400014180278168
-0.8078518532110925
-0.31516213809614324
-0.4935182069409609
0.12507683658007437
0.5625918412592495
-1.098479560794927
0.5737917650148201
0.14025322277398183
1.2565576159202232
-1.0119535020921662
-1.1032268288446914
-0.8283006775964121
-0.6392026874661342
1.5382841512677583
1.8025795914222635
0.33082738419079966
-0.7883547979589401
-0.9796634317981714
0.7961499167748992
0.23279536291488337
1.2335497481582112
-1.6806587055324664
1.1618322952125744
-0.1592710322142358
0.3017582129896958
0.025552426747197203
-1.2432600066226673
-0.2756964649218025
0.32136133112283705
0.4984133378148829
-0.3321769688088292
0.2886530956723094
3.086512118396163
-0.4880864072136827
0.659162666772569
-0.22735923729344432
0.5284257881871738
-1.0471329017509743
-0.12745060062034952
-0.8531620718776037
-0.4224408369666886
0.14539373114388332
-0.9277331921528766
-0.23341595603589646
0.17806172385356075
4.259378339899983
0.06446385867701603
0.9528783509626739
0.8566513078154039
-0.9115219785280861
-1.9060879877146057
-0.5130934105763254
-0.5382922383846734
2.110770542612379
2.4763074836684233
1.6120334766932924
0.8102713813216063
-0.519766171917933
-0.4673273264148382
0.03871232022515527
-1.4753716392254967
-2.9251096973698436
1.8147548358521928
0.5776126615469116
1.0888039428568326
-0.5880206652649177
-0.2973572118197769
-0.007339329798835696
-1.044373046492147
0.13390441338299333
-1.0526920361597472
-2.1027294655219815
4.1168224693139415
-0.5919644926628147
0.6952595300101809
-0.2413700292440693
0.44010129853982843
-1.4936103252461934
-0.5990895881101318
2.9930541262835466
-0.7270571889474163
1.2661384127430624
-0.5063381658920214
-0.9815759462811013
0.6538618369185842
8.297844360335619
0.2014689222711937
0.9001690527536658
-0.3310584923787921
-0.8587656266335773
-2.1999904553509326
-0.4465649402182035
-0.46824888507439233
2.724821131663883
0.6763017767857845
2.1836917149571757
2.766625966097937
-0.657734477369522
-1.5542916786419199
1.352350208236422
-5.011619962642948
-2.390887260876696
0.5492563804076555
1.2161302433674932
1.3323513523957284
-1.0440338173824657
0.5511942069163146
-0.3802233614493464
-1.1629318550829717
-0.6383103623488923
-1.0044747725648824
-4.356248223099976
3.5626360492898628
-0.753898327942972
2.0197018508674116
0.6614794230544557
0.3934196970939438
-1.0836167917391233
0.5828824950150017
5.001031789761518
-0.32736252853946657
3.933987324719364
0.5019236537910348
-1.694388601706041
0.7907694514405365
6.864805212509088
-0.14162939615532355
0.8937024967140248
-0.8726412243449788
-0.8593056340004078
-0.8444389718444251
-1.1470823672372772
1.0034136742826245
0.8381333484586567
-4.570624739285192
1.4185153236675316
2.907944276666034
-1.3041551933003233
1.6101866452901676
2.2410579576408045
-5.472327795325331
0.9098089220743893
-2.665957209376258
0.9443962405791608
1.4567744390241424
-1.3585971041856002
0.5043227075920812
0.9612762224285464
-0.6848435965050229
-1.212596190929978
1.3199208100709754
-2.5286240685418497
-0.32242474221864875
-1.1418047703411949
1.482140162810021
1.4487732329428566
0.035461553665865383
3.1960438995074716
1.7972175153396681
-1.0239503511795713
-1.0701209992192227
4.8634557657419695
2.0761896573240746
-0.7192575401517479
-0.10070054062230792
-2.152368505289816
-0.03600233408176069
-1.691997952885363
-0.07398451502798037
-2.0851159381891993
2.334954594609231
-2.5684853998060078
1.73805496892346
-2.746978751606586
-2.100129415527203
-1.562740323610825
0.14127108082473472
-2.2477755863029953
1.628836258136577
0.11913618392896815
-0.636644338103281
2.1605625169976364
-0.9786581338751291
-1.2922788294696783
-1.0117370114242648
0.8041368875689758
1.321756188888809
1.361542625844753
0.09568544328125077
0.8248495116628174
1.9704188608036204
1.3620901602048645
-6.050174314577925
-0.015238023533144724
-1.6721855186001124
0.336233006293465
-0.8627266925791407
1.9999244221873667
-0.07391837767367399
0.8381251781504856
-2.264124951299126
-2.104822876621443
1.606095580785089
1.271549996607708
-1.2958622930806374
-6.303094868142769
-0.9273093242966783
-2.3523882964287885
-0.10667203461413442
-2.694885614948828
2.9117642259372487
-2.385763157581894
-0.8553545799281764
-10.45698850740882
0.10053194673586952
-0.5261995651475507
7.126292646559513
-2.7517289861100775
-0.06248681086013584
-0.016802038414753046
-0.14934515656174197
-11.775225779576177
8.094997988881225
0.5233041368336967
0.029764033466061015
-5.046748604395821
-0.18871644063359058
0.0718712306754068
-0.6776411019459595
-0.2709134003957206
-2.7148722619081984
-0.0876778305492921
-21.756033941140068
0.009683978384084316
13.203829093513988
2.317263708357209
1.4314963746289715
-0.09547846876646568
1.765335987011674
0.1737747411144815
-2.642353156310663
28.8728576960858
-0.903015795743369
2.831567433643347
0.0008873315205948053
49.417530675284276
1.7218312930196966
-0.9014696777719462
0.2936146995292084
-2.8087925881008635
3.71166264924748
-2.9876327945113936
0.5884151962948081
-4.161221353145205
2.409561753780623
-2.7905266284985024
-1.5765016852475122
-2.875986879383954
-2.6197274562024275
-1.981471443801095
2.926868905282267
0.5730786047999817
1.6933911944051856
-0.8080922991515144
-2.013165464134641
2.295174629927697
1.1028606651607638
-1.1349765888580072
-1.1741010631731215
-0.005351911239052034
-1.716340137967978
1.3059025481469253
-8.245593899835372
0.9754035166906742
-3.163814571676134
-1.1614185614735992
-0.9987143418256751
-2.931683070358422
-2.227660826447421
-1.2443223961225887
-2.885905666246033
-6.869538232998237
-0.3588873258374335
1.967669248606289
-0.9890652818344597
-4.137947295121768
-0.7649351179235442
0.9410164396888591
-1.4261222907321784
0.6105294089284204
0.435854724740315
0.389599499332658
0.30108600379605793
0.7640086636996677
0.830626379427775
0.3803751461461171
0.5812825032373036
0.29560037686327856
0.5240349899970201
0.5808268118621799
0.6110340888070191
0.7443247063137822
0.21878822379051208
0.2587709184236284
0.46350429110410635
0.4123651353186521
0.6165420983811852
0.29865684772909584
0.3243881334860539
0.021838559246306174
0.2529541511657562
0.43698970316854396
0.2862551756155288
0.1265168243186828
0.16829273052623142
0.27587212331947325
0.14982453432148884
0.27876135415949843
0.35549633770561856
0.3037429048121494
0.3201896614102169
0.28242434200108857
0.2433056850719337
0.15694125183117077
0.47424991762567437
0.19083077624636255
0.41236838341402343
0.16532241157548408
0.10299005898265012
0.3061800631208703
-0.005848034146588463
0.5751541219145414
0.45005205895645983
0.6196591822050908
0.509608221061817
0.398855677357717
0.512818358972569
0.20297705296563004
-1.828186326850125
-1.7182223631918012
-1.4859560160817114
-1.2382958246736855
-0.8329309499413375
-0.5709058013401728
-0.25367586654963586
-1.8269598991336853
-1.6836291265124412
-1.4606287371375895
-1.1835369355544352
-0.8425043429894471
-0.5521492478412007
-0.2466711419276515
-1.8148561942356976
-1.6625220571471293
-1.458983542776493
-1.2139437186856221
-0.7884440384656828
-0.5179266968399432
-0.25302075678606567
-1.7898563808998544
-1.6798664256250633
-1.4521272203357205
-1.16797535174676
-0.7372475066252527
-0.4967735371836172
-0.2416696166082157
-1.7466022623167308
-1.5784030964543705
-1.4268338328080528
-1.0801390925953471
-0.7131626795171216
-0.47389325374521024
-0.2026747840131121
-1.6994164976377384
-1.5785379379325384
-1.3511564543206025
-1.0029432907616098
-0.6136550920601672
-0.43791011297629723
-0.1895616162404906
-1.6173805135456647
-1.4955059539425133
-1.2525509346494959
-0.9088017634510481
-0.5689949408035097
-0.3839440325040919
-0.17228697566093465
0.27694800843923156
0.2980672474610079
0.6338670647639169
0.2956597063932144
0.6450924230260924
0.6738463617638748
0.8920462776406172
0.5638211778735637
0.36132663105541446
0.4711601210695198
0.6276328637972849
0.7882399890510592
0.8157838671702773
0.5753977274372739
0.353300875438909
0.35177086202263436
0.24655024514311702
0.2909051985450305
0.5213756848285984
0.4986170112962363
0.7489966692962106
0.365164870379362
0.16697255580572568
0.4465590106591655
0.22373143716646804
0.5621918165419952
0.3965783628121319
0.4449455437430671
0.292528643755877
0.299188902101714
0.403615927969919
0.424407118115008
0.4050356664592635
0.5883745738129037
0.05881127460896903
0.2942215634684138
0.44026099884181397
0.5092466561990106
0.3066434802714329
0.3330499035657428
0.4105707831342771
0.1539530925657726
0.2300338572252781
0.5133798219437209
0.3349238003835743
0.24462539444391135
0.5504486602025351
0.27378777296095613
-0.13068407201240415
-0.28017202262836516
-0.3653363983494267
-0.5683846994388131
-0.44406806172465707
-0.32409975503366173
-0.4329721892512513
-0.1891809514215958
-0.36505692374782095
-0.38867578352374094
-0.46520837696164297
-0.19128907872293666
-0.6643884947964196
-0.40476236075159877
-0.3034257177072673
-0.1143799687200659
-0.4727941579079972
-0.3562006847290778
-0.390109170566824
-0.5105957047610821
-0.5255108457095793
-0.08845415064077276
-0.5176925214557525
-0.3598730129913002
-0.23080004627477896
-0.60813526469779
-0.2800674262704192
-0.4711052650451809
-0.19087919492066016
-0.2478136371254587
-0.4021257135827825
-0.319108698684567
-0.5269203496947283
-0.3666434772479231
-0.22847500695782375
-0.34303516230173753
-0.26506487237810894
-0.1355067067383735
-0.3868868938100748
-0.5522385308889374
-0.515860703676462
-0.1489703917148524
-0.17308930722510746
-0.26953576646338306
-0.20937183112691204
-0.24527194159294224
-0.440852794678545
-0.09445931720737939
-0.0025110579913441046
0.20950793187178593
1.4396730369371602
1.452029048911781
1.4545236800442745
1.3514608725871373
1.1572865475975995
0.7604576516653607
0.2376441845531927
1.4321842053198188
1.4348463050988214
1.4523583367363342
1.3766028966063786
1.1413522120684165
0.7712206116881092
0.2402705811272539
1.4246412869849872
1.471399111764744
1.4219113625644224
1.3388861449906098
1.1414720245966703
0.7780939925356237
0.24590258672264872
1.4053246709165383
1.446465892865904
1.4518599475052425
1.3211828009501196
1.1481928040878686
0.7781245625075367
0.24970539971580996
1.449318062980522
1.4755797414533212
1.433448309168221
1.3574517649503859
1.109356750688171
0.7811874988361008
0.25249966382796446
1.438431617482743
1.459146927396893
1.4127984384592307
1.3347748092542235
1.113823382804482
0.7944228852847784
0.2632199796195701
1.4259917229142303
1.4166629085363052
1.3888304279152386
1.3089018817251048
1.1112318499720637
0.821025187219064
0.27553296734162325
-4.37873438424465
-4.271763110460493
-4.048235431426995
-3.6898389652175605
-2.846328269454175
-1.746778207290413
-0.4620702529195758
-4.197574150683827
-4.097629844591921
-3.9483690138517207
-3.5446528310964247
-2.7485297956801893
-1.6413444269099355
-0.3723007004825072
-3.9986513707233837
-3.873587795060838
-3.693758342409134
-3.349944717995534
-2.56074347824517
-1.5067967998733667
-0.260888191100087
-3.870656949085009
-3.749387691630168
-3.5721874107265226
-3.124986162151922
-2.38205899797643
-1.4622845251135053
-0.2482974014949325
-3.8544167176319286
-3.695514534515366
-3.507373610547336
-3.0514122061455957
-2.3780231158300373
-1.5219198958548565
-0.410108285799872
-3.7075217808387344
-3.5995827202216844
-3.2937192153430512
-2.8737942182920535
-2.2317763521674663
-1.4599425843073637
-0.48715195240347386
-3.211496476983367
-3.0213706454556504
-2.7313335594923
-2.262750522573476
-1.6578458212016665
-0.9330884644175925
-0.19190501947115718
2.7789982296605835
2.736564571779091
2.562413413085131
2.3274683018231284
1.9033519126994365
1.37742410632449
0.6096157090910533
2.748989242304739
2.639566701511756
2.45229186922308
2.2156436419015297
1.8586639591265426
1.2842925267581222
0.5522902961781451
2.564556275694013
2.4835492932220626
2.3043592385775176
2.117610007368443
1.71093643978022
1.1628418869139097
0.4310114545197963
2.444001686184741
2.3978873551168194
2.184294145492281
1.9702399430467405
1.530790209911477
1.0447712878340858
0.3579839847173179
2.4705007383019937
2.3207857678512194
2.192464215907297
1.895986415596568
1.4349904816096926
0.9401433340041133
0.3755066355955384
2.498750100563566
2.33279163048608
2.1506988635922832
1.7977222620146784
1.2955170552140711
0.9107923493124954
0.460526319187073
2.366930477897531
2.2164875588970125
1.9738653058920888
1.5743116728523072
1.073545689105879
0.8299994259309619
0.49343896959786016
0.5310307412660898
1.0052326073893842
1.6382865647897382
2.3018130461710156
2.5927927207037658
2.322035269072516
0.9269640169283753
0.48361476622899635
0.9350070435171206
1.611799522438073
2.261904071964614
2.5725776942223124
2.318568931872604
0.9334424032885099
0.4768335816646968
0.9090125158242539
1.5502431895645903
2.238693379093055
2.5130938490517427
2.2960979429171084
0.9468910441774444
0.38882786024961147
0.9174791866137151
1.5320888024692403
2.1230254043420835
2.4546767189233876
2.2686487924337233
0.9383278815041461
0.4381594822080965
0.8216848807224072
1.5077241541078406
2.0862993099032723
2.3853374805339755
2.2241966778416287
0.9001618960977013
0.33718512136267853
0.7867073587390861
1.3865574703410881
1.9775511276940905
2.2684488383211283
2.192447116516241
0.9027987265361151
0.22586550240158693
0.6504792723141853
1.309998475443959
1.8242231426357811
2.224770696806162
2.2370260795186017
0.965278038806947
0.5313222929514652
0.40734133858936916
0.5458905822840382
0.7583971011064781
0.8794296522252604
0.566548489161339
0.7288102473671686
0.16766392152735293
0.6884575403409644
0.5577694193176769
0.38072218797526297
0.4008359406021254
0.8489021818350809
0.743454618060882
0.32848509289819827
0.45809384538803793
0.1923039098190958
0.4004096814330061
0.36635614735994587
0.5909905878810077
0.42337211984199513
0.20230736599324714
0.4015459624096014
0.06549776495689358
0.4521608007314307
0.5755793666166356
0.5540764073867075
0.19619163704402742
0.29536702952284366
0.34885209600267447
0.4683339842682193
0.3727535681947107
0.2572357932729258
0.4793864615729528
0.054388109376561355
0.4807506768330703
0.44168679969425917
0.39392313360477743
0.25404686572840374
0.3155206442774285
0.3992216205309819
0.14264992750653469
0.5997952501035287
0.5838533578412859
0.20520140854987665
0.5082812549136191
0.6514553985387819
0.2635190096299769
-0.01342676400401436
2.0561085249141398
2.0849206028942264
2.138821575569067
2.0613126833631417
1.911644299463085
1.3578003710422184
0.5167262848110474
2.1674405585251697
2.088662215032806
2.036762649654215
2.0485136175973233
1.8747290170752116
1.2819484522739069
0.4689095786907271
2.029811775568704
1.9882656023248482
2.009695420533085
1.982519543791016
1.8256665456328327
1.1639912029234127
0.374095518174853
1.8761915085850203
1.93344611083323
1.8537230576312462
1.9228344366769499
1.6976070973077138
0.9991426578376577
0.2526554752510974
1.8889571920840251
1.8813877324352344
1.887128724901146
1.8276891547641012
1.543111340051468
0.7864300612708485
0.16580507882679854
1.9409448159614644
1.8260497211263291
1.8126930650018607
1.6303443783633131
1.2453473207422117
0.6172072241529394
0.24423741017595235
1.7983474029581263
1.724849212090061
1.5730833575958583
1.2867289946438334
0.8536129284101643
0.4825042211187036
0.24139809874041915
2.127994886319806
2.293510519057836
2.1686650871988746
2.0633639572280784
1.6600360763192412
1.165837168117202
0.48723509096901524
2.092458810198574
2.197741562810325
2.1521775428639707
1.996945895027781
1.5823939062541743
1.0127624903674333
0.37999351821571176
2.0412922642698628
2.0765410746003963
2.034689448079736
1.8680278242405015
1.4413734150617388
0.7966104804550129
0.20616995584095257
1.979916754589273
1.9797700378113132
1.864591215135216
1.6647532282867477
1.2175856356611323
0.6517833197858772
0.0063126369331815944
2.0204099082557434
1.9232781791879008
1.80516989848312
1.5511787394545191
1.1565787324347836
0.5031658227762885
-0.16907337648974424
1.8796495159041187
1.7718835062165097
1.574362042268881
1.3393214205436967
0.9768166299804837
0.3524030013828663
-0.13907185718638793
1.5872117979916585
1.4919106910726927
1.3234670052438433
1.0620499749706942
0.6568774727575729
0.26516250871918967
-0.012097382880249823
2.4888927660501046
2.4469793442886103
2.363826151197873
2.1869260853372476
1.8935965095705167
1.2225206357038032
0.44329374693044543
2.497156254878238
2.401244913238377
2.268760837272722
2.128905312650529
1.8639146688984023
1.167354553377523
0.4018100808756351
2.404572826263381
2.3556813947738973
2.209209617664581
2.082363075138469
1.7814491764645946
1.084348662806954
0.3175103769882695
2.3680232107735892
2.3330033370371446
2.1712165978432623
2.0655928712579668
1.6964400294621946
0.9557445300812712
0.2339010026410615
2.407859812856831
2.3427402364699708
2.2230875462618447
2.039369606706407
1.5485626993182688
0.7583796251946763
0.16200939071356144
2.3966711683759447
2.2550475903967167
2.133157077176309
1.8273510572175156
1.2151075313669908
0.5507259520736183
0.1475932732354994
2.1557179029928
2.030902036248114
1.797162493106161
1.4024722841304844
0.7738432965324782
0.32960562225981094
0.05383269398825258
0.6519570284710696
0.32612672239892354
0.299773379635763
0.5713296862302965
0.44769952735142665
0.8556719956577893
0.8856699578429023
0.3388207196790604
0.32534129624174646
0.28172261606434
0.3325896563949958
0.619201132310627
0.4978937398033401
0.8671077749764219
0.4060088796077853
0.23058562533055046
0.30891496402881585
0.3204795788223571
0.6343501364470878
0.6840697111735902
0.5825012433445336
0.46095721098945047
0.03438922870904348
0.3106006275138231
0.4057494690908875
0.5234944611929322
0.6236845928978558
0.44812063637573246
0.19414947168173796
0.375424796173094
0.07179175569460121
0.3248319506685994
0.24415705805431231
0.3048625160639017
0.5303090559004432
0.3933788637552612
0.4412283940226916
0.3404540787176699
0.47412707561104844
0.55345589290698
0.4821796469883906
0.4264530103875107
0.6602532152107772
0.48057319643136626
0.2515381723012768
0.3828007727911666
0.4146078504006244
0.5325838902607761
0.4000939861023465
-0.19121495784557466
-0.27442207227057913
-0.21588627564122714
-0.5451190716334273
-0.657026643058897
-1.000675488843171
-0.5756854117184147
-0.15725798646621034
-0.28974908319179343
-0.208898313552327
-0.34876937295976773
-0.7243194629278619
-0.9003069919063723
-0.5677687832852021
-0.215837523263289
0.00055119242961441
-0.32763378701576473
-0.5658399438365036
-0.664114185859257
-0.8586982209077912
-0.5039607261740584
-0.13445367983870396
-0.20732796226359912
-0.11227288872991825
-0.49619429176476954
-0.5650793000982478
-0.8270620054573277
-0.46485667793422125
-0.077947646682284
0.06848802109192186
-0.27812103290059154
-0.3177028442156946
-0.7024653552867262
-0.7286839241649284
-0.4618345762735246
-0.013019371841337628
-0.031208390102211596
-0.28705949860205415
-0.3532712286638924
-0.5629755075194652
-0.667834686111953
-0.4379413047092289
0.04288406592460526
-0.0952235925630947
-0.3721125101949458
-0.27734916547686406
-0.48717230776712117
-0.6148783564783719
-0.48082305986836726
-0.7627802190848146
-0.37473186385727975
-0.5117088960337619
-0.42095322310972666
-0.7766634720047443
-0.6348100577775767
0.16413597777441213
-0.7277960231217342
-0.391514549385277
-0.3049511815651164
-0.39151402546411324
-0.5951231359722094
-0.4601532410852655
0.33751449693561075
-0.5560985148428466
-0.2907590305226437
-0.2513600680817642
-0.1818309519334067
-0.5486331537981322
-0.2790151661393734
0.5475408407223004
-0.45022315968690896
-0.23388311627640962
-0.10989228916719823
-0.23256669893182771
-0.47837734027686285
-0.19136898831334725
0.5556231162372871
-0.4637312688419458
-0.4052235238997261
-0.19852276776995267
-0.28036107533469423
-0.5369390018078973
-0.27817149218882625
0.20971662542539068
-0.6392229011658952
-0.4365754546612537
-0.2775211415168337
-0.2605636786379955
-0.5140150296617688
-0.24726585277363336
0.022576594215559832
-0.4005822785349395
-0.21613937780390718
-0.007146613924647678
0.028973374542677698
-0.23083273101227497
0.029330002961933135
0.29198512196321147
2.838193338097605
2.719534783020061
2.6488706485690163
2.434497437320407
1.9299546873671405
0.9962712237866898
-0.16989609718012183
3.0190060746631158
2.869332781629233
2.8290609022865043
2.6819439375781187
2.121109342423618
1.1936375380161022
0.06546726776720707
3.196629201247818
3.0781808382162663
3.029420423784851
2.862870551765142
2.3848331174295594
1.4780382539776966
0.3611506113066746
3.3117946817567865
3.278552786698724
3.238536493609283
2.9291920314630127
2.49390656784915
1.7703335067444086
0.652666908026217
3.3772639087854124
3.3455150451172173
3.2922095697536955
2.984180802706969
2.5987948292486314
1.7893044474063406
0.7181246845798838
3.0165369994026316
3.021534836313838
2.879456914506188
2.731973721375068
2.269816049616719
1.3406276321917507
0.3904324510688459
2.4742853036649284
2.4007903601704568
2.3444900478681636
2.09015233720298
1.5824133907751328
0.670918973218556
0.13773175582487657
-1.7516035819768672
-1.6326435882453705
-1.3627017660465883
-1.1789347464653188
-0.9370542468947831
-0.6726855493254444
-0.19278797205658985
-1.7571012285065322
-1.6457284902356684
-1.3854342530097628
-1.1592988622421128
-0.9422225771421229
-0.6572017157022945
-0.1816358404594422
-1.7917591686714665
-1.5904696136367795
-1.437922234687727
-1.2058495103412945
-0.9442023577029016
-0.6331141153301114
-0.18345467817303965
-1.7591416551523316
-1.6452952117648723
-1.4144383474802513
-1.1990350408666035
-0.9398199050832858
-0.6245319602821675
-0.1745161138681312
-1.7752081622962217
-1.598352580480123
-1.4632593558141507
-1.190925059162439
-0.9712118983560879
-0.6268117357582573
-0.16171595733435812
-1.7917955057175645
-1.6710902722422123
-1.499416799410834
-1.2270076800961665
-0.9762111556657223
-0.6369735060678
-0.18171463622934428
-1.8313638677937036
-1.7377324907056146
-1.551560356112035
-1.2660608151713504
-1.0210924042710683
-0.6484958558276793
-0.22736228074713963
-1.4521942384704376
-1.4251299294580053
-1.377534392978553
-1.292633746599453
-1.097953391573404
-0.7220908007056956
-0.1363216290695829
-1.4593357852158564
-1.3975816334213749
-1.3386958124790151
-1.276581628445818
-1.1039264623747151
-0.7040286399397112
-0.14703611569413255
-1.3839297908394632
-1.3467048001190518
-1.2994823919390024
-1.2546661219676256
-1.0818086806516167
-0.6858215542286733
-0.1442091534204168
-1.341695669336955
-1.330335484663259
-1.2652698883789861
-1.2132338404150886
-1.0196073816435638
-0.6834447846430843
-0.16694996087610983
-1.3692985554519415
-1.3255021001726355
-1.3033360280688024
-1.211039543852776
-1.0178013317774326
-0.6554006301503099
-0.19833704372061162
-1.3678940261151726
-1.3092143270649006
-1.2617362373149512
-1.156141153934372
-0.9235629775830548
-0.5797954688934562
-0.1918253377320429
-1.271972526532555
-1.2151949050610524
-1.1380859574158089
-0.9791379787901611
-0.7180191960692012
-0.4363962244627069
-0.1749907084893261
0.5903978136004107
0.6919545270058177
1.027186144839275
1.0730280917496535
1.3257880766418793
0.9633925047608909
0.4506994914659629
0.7705160273035156
0.8561829001312166
1.0081970750916136
1.157892986939208
1.390605726737134
1.0803099770575941
0.5377743381298404
0.9760930512652728
1.062091619454791
1.1762986005731646
1.2759029374048936
1.4451561535463513
1.1298713935785383
0.5391756898937643
1.015094110915622
1.0967999305290002
1.1593351024158127
1.480244133798342
1.507784878512691
0.7053282251792656
0.2025681716489916
0.8021891080593104
1.0712398503160068
1.0944482208447222
1.2426552082980866
0.9598419566009669
0.01634122518802863
-0.31652279495686875
1.1863487288981545
1.141526007036329
1.334416322920717
1.166169577156974
0.5942287437573999
0.0924240575703924
0.23382361702267512
1.6192722302597264
1.6566005197799094
1.5470466529101332
1.2777387897524106
0.7087030301170953
0.909773371259797
0.9829886035806168
-1.5357439900430252
-1.5734069292375554
-1.5387049359565226
-1.323882434321809
-0.7031481628048577
0.02411549965858022
0.37555390255957805
-1.509959899567605
-1.5615610059688836
-1.5513774675190015
-1.2878710534874755
-0.6876462959510998
0.03172407934415472
0.4051994350602564
-1.5362410887460787
-1.530621285407436
-1.5261820563687445
-1.280463726387433
-0.6679152305955978
0.05389293429999322
0.39666448502920926
-1.5424411319268234
-1.5385454793684445
-1.5089953173993496
-1.2781556457507308
-0.6808475400863698
0.07549563780593271
0.396532459523514
-1.4885262305132851
-1.4752187594146766
-1.426450102689286
-1.1704556040781644
-0.6068821137753716
0.04986995796707069
0.33866282723639174
-1.3920990440656367
-1.3866848532494527
-1.2677018252902499
-0.9345884093861327
-0.42575779481659143
0.08674566920569898
0.2874209105117328
-1.118247425364016
-1.0776943154245864
-0.9014514721463834
-0.5835227200937502
-0.14787525541762817
0.3227052757009235
0.47101370854580155
-0.4195028229487476
0.20554071747264335
0.1525520032974481
0.5307981345849072
0.36404041509532925
0.4606982168856323
0.9837166691822886
-0.22524045014430574
0.1540014229521459
0.39509136772353864
0.5953183440788297
0.7520948768543576
0.767080555693745
1.3061399308958794
-0.046864937213095606
0.4122644463984982
0.4186067484282964
0.9125853730653207
0.5554035463550727
0.9136313669083925
1.4284395520393864
-0.13720949081355038
0.3546660281048905
0.5152720290288718
0.45575362506690814
0.1908647592256063
0.48914038165463125
0.9120667224873423
-0.3477930013644923
-0.12699708066767856
0.3199451779701599
0.11646946607110306
-0.42217738637403096
-0.5453284194204234
-0.3841375199428684
-0.5989003216987627
-0.27258917767094437
0.13447130912513125
0.18831735119133677
-0.8166223246655891
-0.7058020789563738
-0.3810353377783969
0.12786522476670223
0.3730699635531595
0.7038284818931706
0.4703209128188945
-0.6363176200090834
0.10833280814262333
1.111813584679662
-0.9897020929338523
-0.8102616927276842
-0.42304298662404227
0.139996577253099
0.7006686354512195
0.9422404407407002
0.3795684677820254
-0.9513106577787918
-0.7628453425707051
-0.3983055934779994
0.1308784777554798
0.7575076804098334
0.9590901897460634
0.4026723253168107
-0.8917450289019738
-0.7001095585168785
-0.29328506784565844
0.23610948484533714
0.7871299756369524
0.9777975469102955
0.45539911692639856
-0.8433884907610336
-0.6605560953378502
-0.27736217788320444
0.32280517382736246
0.8181833355502822
0.9932331881913687
0.4957145919697339
-0.9321026441431568
-0.7051508087439855
-0.2778195158036092
0.28998587996015773
0.8500525553551858
0.9882291934946225
0.4683567893823192
-0.9430006819242059
-0.7010259585203049
-0.251009314734725
0.3164342215760071
0.895398561994696
0.9885209637119621
0.43599997462494383
-0.8817876917125348
-0.6105284479481133
-0.18691391317682798
0.44661324371557715
1.0187917975424843
1.0376853464613098
0.43277878185015567
2.9824891427939866
2.90424370750596
2.775214127599657
2.3812332434456285
1.6470756591212583
0.8715315271337155
0.15426132740922233
2.904938475866023
2.8608146499521605
2.7492345292704514
2.3212862433022567
1.60771356235773
0.8415784354187196
0.12386620481895995
2.8324554253938166
2.738366015239501
2.6243337679993886
2.2215983349458166
1.5595832085357886
0.7982028265398287
0.099954682987274
2.756345949431852
2.632689358877115
2.493025981420738
2.1332114522585823
1.483231109259551
0.7358803473093108
0.08742287626963255
2.5767996821247507
2.4809184037833463
2.2731376702534085
1.90570286093437
1.3161451206345598
0.6730825884747772
0.13052970188029006
2.4009276480544472
2.2818893067520545
2.006918403930527
1.5675227717621214
1.0799480502884522
0.5624329635321975
0.16824130596141867
2.0497340983042927
1.8947013642363957
1.58843626622014
1.1891577054017677
0.7651368832456074
0.3522499011084738
0.03734393280627314
2.766538053987752
2.6155222672962646
2.3168988718695833
1.9228618785892961
1.3734987240413874
0.8104302609440116
0.26621760710595876
2.753213763237752
2.6081445052368197
2.315552004182695
1.8994317876473867
1.3766411722840841
0.8015894749541608
0.264882060375476
2.753444433658449
2.5740222390571996
2.304173351766986
1.9058557523902355
1.36552301867118
0.7989284281036684
0.2590293721593298
2.7587139341510594
2.5930265038426232
2.275548757385696
1.8889202889520103
1.3512680794266037
0.7997890683886677
0.2521511896688406
2.747607519695565
2.560342463117217
2.2903490267147375
1.8716055115044863
1.3639279937088058
0.7975924004425898
0.2501887638659558
2.72957683713407
2.556225170026742
2.279179583084056
1.875358638880501
1.3530541665359646
0.8028763592282652
0.253077788940327
2.703078352362741
2.561496290705068
2.3063870014480536
1.8650894858790448
1.3604865320557475
0.8235813145650022
0.28077363214578777
-1.095163523326862
-0.7098880445358203
-0.7769933097934152
-0.5055776690094202
-0.27218117339941944
-0.06654824974144817
-0.3324490922214648
-1.0767953018351835
-0.8692323721646935
-0.8576710808642912
-0.6111131018120536
-0.38558777468061506
-0.3194676971631534
-0.5002290400543717
-1.2497670589120389
-1.081103152270265
-0.9774091106374774
-0.7584890045289066
-0.544336541746403
-0.6237522383520039
-0.7531700538921496
-1.262198073206908
-1.1451109848615675
-1.1401214336314445
-0.8788873750442528
-0.728853389277864
-0.6895234679021132
-0.9408315906330184
-0.8709096465049851
-0.9102790957605333
-0.8180431987880536
-0.6217487279616433
-0.4222567463875184
-0.5880267971119404
-0.9800603636005238
-0.5592726612426593
-0.6000499354056674
-0.5318741421980433
-0.2988704968212512
-0.0896948990170075
-0.3865244088697801
-0.6974505142252284
-0.3668609238915627
-0.32329698477177743
-0.2143737117919036
-0.04082537297934959
0.007280410406981661
-0.0800757448933048
-0.23474777602180263
2.8969461515481805
2.6655272812020634
2.2629117880398315
1.833112881054448
1.2260168683445742
0.7499267142415721
0.3140589910842886
2.8650884040140783
2.6867057093508606
2.25766750475201
1.755283295813536
1.2626379717476142
0.6901319294846571
0.3127083819930786
2.890202848623586
2.5800208246411303
2.3068020914287732
1.8404329153625278
1.2495689199616333
0.7042485718145146
0.26506733197053006
2.8713597282653707
2.6420817654030784
2.2197232422747217
1.8344914714409621
1.2208208586202676
0.6995101661184943
0.24676727014497093
2.839216677052755
2.5873181649375914
2.2751524181680995
1.781823903827586
1.26276846023191
0.6488257264208568
0.2697316136813513
2.827140217469325
2.610022688813748
2.3115973935004384
1.8242102293416504
1.259537287731168
0.6561831541798451
0.25735655670697516
2.833366552402424
2.6345927870611887
2.3586392224272736
1.808012926865644
1.2178406712052154
0.6505840057953948
0.2607079318572914
-0.4161948065170246
-0.18445780562788258
0.36868305170712995
0.8467938022235653
1.231553003958736
0.950364260076713
0.17177172161839654
-0.37998963474422087
-0.10096450919752097
0.40408992800410637
0.884851830603432
1.2957493432002456
1.0047693567478662
0.22977940571559416
-0.32099690685042714
0.011534511511492911
0.48217686859843845
0.9480252943258816
1.370988825084469
1.0957696152074903
0.28479565097286935
-0.19255972565519605
-0.004643939565903705
0.5023770451128406
1.1091563118731542
1.4487925513835633
1.1394769573922743
0.3503063205954616
-0.3456957364947392
0.054739511877254704
0.4577635359717343
1.1041897394470561
1.4800184372313545
1.1394712616609657
0.3501941944715087
-0.34160920039370796
-0.024012091148168595
0.5140576266083531
1.1669065451213647
1.6075588116304378
1.1405400256224516
0.2610464080278005
-0.2214515211185322
0.1084958726416477
0.6360724131140426
1.3691769968827865
1.7475636869202098
1.2260086940903874
0.20877284607949645
-0.22017506919207547
-0.356684693391866
-0.2679829003792286
-0.16781386175654284
0.1707364835884324
0.48492939277128333
0.15483536765482978
-0.27030254502626677
-0.30961888050048053
-0.2874656245894541
-0.1674144912612204
0.20033356891571966
0.4523413575228075
0.11168812622105886
-0.23460997165950473
-0.21996541580946705
-0.19436025536665988
-0.07548970608245947
0.24545879242055313
0.42136957904915373
0.08193017248289647
-0.16805100769210385
-0.1712319929440153
-0.17569142057427478
0.030723095071335912
0.28378397389687615
0.43769798028013135
0.09397985781895182
-0.13418702924973314
-0.12006007075448101
-0.07711618168854967
0.11297622278476926
0.39164086633612266
0.48803440480287796
0.17145176082688934
-0.062307914796985296
-0.058009139750059155
0.025060976483603826
0.1717700691378972
0.4166708385601664
0.47543336194743385
0.1944480733178079
0.0162237207720278
0.03260209827265166
0.08032631097436817
0.19572145511711603
0.3960711864509345
0.403326105648201
0.09436867697927334
-0.04795560817658284
0.09345889611873183
0.30012129337826016
0.35739303903659797
0.007930056782196092
-0.5061517676110963
-1.0462954590972788
0.22836488529412222
0.33237107244402964
0.5315081667668113
0.571552882323952
0.24768901982563596
-0.294579372401733
-0.8363443366371899
0.5574843633269885
0.6789787933138735
0.8714517877369657
0.9295711336729922
0.5735155396771722
0.039708478451150137
-0.4708000343211811
0.8976284062240604
1.0889794871352005
1.2378321710664548
1.2206431529473014
0.8934218527753225
0.44778698427171987
-0.044433164779900634
1.2036195910844991
1.2781152498759067
1.47147015970953
1.412582442865437
1.134910451022476
0.7333355480213706
0.27896425457457497
1.1144060290911577
1.2223272349214005
1.3114272275112326
1.2685012425011404
1.010150020486038
0.6665322760089318
0.2813671354382566
0.8037714468771985
0.8731908816263161
0.9496288611721999
0.8870055123692404
0.6553356848206302
0.3248696123692262
0.09362088075003389
2.6374261806129375
2.6080183739970346
2.314344607857471
1.8404311829182503
1.1120054113467808
0.39443806753281124
0.14306558325274762
2.7389411264509826
2.5763135947537714
2.309757697549176
1.8397998400657223
1.1265960169671387
0.4338993297907651
0.18954095359687215
2.691541632948159
2.5546919104728896
2.2384618034703485
1.7887576275514112
1.088975946293144
0.4797587676712243
0.21474404824720972
2.674265219563455
2.5245773277870214
2.2485225843420356
1.7255199686939344
1.054336439078829
0.47698464300588295
0.21676358199604198
2.6497780888539624
2.5029151613654212
2.184510320887913
1.6659305276913985
0.9792343287087021
0.42674381418526647
0.16202758021211927
2.595419482535664
2.4215972211023367
2.091005581554546
1.6203771117991372
0.9617222438538364
0.44894234663441956
0.1652297172220387
2.4965683147625053
2.319050001991434
2.010280485816162
1.5760438080524548
0.9456408041384831
0.5193615471196503
0.22803562934406832
0.2681574280025944
0.4576733514797176
0.9333783023338402
1.6936381566542336
2.452654251474509
2.3306801489156412
1.6865878302864585
0.3283880471975212
0.5500661481602678
0.8938043862271701
1.7147091689482938
2.430691474869526
2.1912924257973194
1.572874909240647
0.38189188750298786
0.5993762701430637
1.0548864447322788
1.797489147053193
2.3496882237297765
1.9236638601560134
1.3457036372260964
0.5669861992925875
0.822381991783185
1.1493351325618584
1.8884849749297843
2.111867202793749
1.5314071176022945
0.9822320259866092
0.8507021909585469
1.0828355912524938
1.5391745499335856
1.938914113149618
1.7047853475473989
0.9903652568313385
0.4900616186812649
1.363625822454848
1.532218151867074
1.8530305878469409
1.80670568611261
1.1891520749496671
0.5000422247716297
0.13874981457156918
1.8757265406629773
1.9871158928259416
1.9901168798709905
1.5698664796881108
0.8109550242763591
0.2766470109314832
0.06518905784548833
0.23194073667777895
0.6781568730540757
0.3017610458735745
0.6868212456230933
0.6877312192721612
0.8919738314640766
0.5363084730783295
0.22479472588283375
0.25305584285567284
0.18349289800855392
0.5212979539097209
0.4865249952870886
0.6501034367907965
0.4576232738809162
0.33812320091381554
0.18933486293847077
0.5370924479061364
0.29707328191530114
0.8210070028731519
0.773454715907085
0.5770889132030402
0.22048547454073353
0.40468130847544626
0.46267522168150543
0.508210063705951
0.6021221826135983
0.3947643753052256
0.4698491645467515
0.48502746261620866
0.07453269328361486
0.2063682907318194
0.1792395719004907
0.5138192377231267
0.47372348035368467
0.544224595760801
0.3340711968041031
0.45929772319572393
0.06841855371349807
0.25786874035587315
0.29823324455479383
0.2698772851714173
0.04753153793797421
0.3381568635732137
0.49926476206403064
0.6514856516330524
0.19326523349058997
0.15380751819439661
0.2706978715585413
-0.015984761122798258
3.393985427885646
3.522883046431961
3.4898913750962297
3.710332780157657
3.8660940241216517
3.2606720185523232
0.9282519778402317
3.4347876540198357
3.462342632620941
3.574332787503557
3.716843200563257
3.902954823197536
3.2813285640425747
0.9208165444705829
3.4029623993323592
3.4180964365843987
3.4538758838584096
3.613282937966617
3.9920204358649753
3.272576139669462
0.8977560133553265
3.5834510701519293
3.4860767177472316
3.496513714763223
3.6982912586116226
4.01118192164077
3.258572609317834
0.8755515547593488
3.535132688590266
3.387896100315394
3.586130284641172
3.6973140048139
4.021701854321845
3.2517252757614563
0.8688922129295239
3.5665958792631294
3.4271430312736615
3.53911703354437
3.6924376062277657
3.9254725119166194
3.2250335196051596
0.8615161006549521
3.351038338872384
3.6113348252931847
3.6165734126839713
3.6398389895748022
3.9727886007178537
3.19739017354658
0.8900243055948879
-0.857954865221508
-0.7469240198279603
-0.7340502118007799
-0.8368053903093898
-0.9669689233254457
-0.5905853071438069
-0.14983187791303254
-0.8514481053816141
-0.7370680079947395
-0.7218475042424417
-0.9948493011518705
-0.7815453550176934
-0.5866667749817016
-0.09765041693569008
-0.9230993760937576
-0.6670163705636464
-0.7647095998847511
-0.8406654697756692
-0.8005188290168759
-0.480571777589686
-0.12159917788814435
-0.5474912130585196
-0.6650171384131169
-0.7258454575254057
-0.5749350690916394
-0.7570230310678631
-0.3604110934596462
0.08869899481333039
-0.5844911254127425
-0.5596109654394601
-0.6548757152220221
-0.5087768367044729
-0.5938526218865383
-0.2221585054480939
0.3594661516822704
-0.5564324309705081
-0.6407793580087535
-0.5790260841074019
-0.5431873745901875
-0.355048675842607
-0.12063167693377551
0.27189295737798586
-0.6719528823221833
-0.7160902252123368
-0.7782441428495722
-0.5817738544287739
-0.4871379698545341
-0.27554031724799516
-0.17239570146595815
-0.18676152667331405
-0.29438240213659045
-0.5270592642023562
-0.608498999612068
-0.7413785009365842
-0.3962437440396141
-0.005336956602785903
-0.1579906501970117
-0.3273785393792687
-0.5614023422466752
-0.7031048650976532
-0.7104704856723614
-0.43723555989738794
-0.0053280992518760775
-0.16959862103226006
-0.3894758767355422
-0.529724924990948
-0.6208761332341735
-0.778651545631921
-0.47810459108552467
-0.004283515617836167
-0.21414835545174565
-0.32412497117826206
-0.5635748009712437
-0.6764689828389108
-0.8549728259188181
-0.5042035120420262
-0.009650867114815196
-0.270707104006465
-0.49669805854936244
-0.5610202443766668
-0.823508810591193
-0.8632849231474592
-0.5571862679313249
-0.04432870804122903
-0.34578295981085777
-0.49177794265490854
-0.6744771118142849
-0.9408275379069921
-1.034593552682643
-0.6349275175690021
-0.07984183060527346
-0.5090439591990097
-0.6313175839833124
-0.8445575059052023
-1.1159187021501666
-1.1552517503995958
-0.7604417283836001
-0.12368553483422522
-0.075433591141307
-0.13490327797156387
-0.03271727079602757
-0.08466976414609058
0.04560981781655791
0.1882620562446065
0.5919350208402988
-0.16564943742345725
-0.10742279354990068
-0.044923196478064864
-0.09989752984090612
-0.05220630525494743
0.1833471497696206
0.4862584426698572
-0.03128985655973684
-0.04320035356075921
-0.03828791613091598
-0.15837667975337813
-0.10597599972840913
0.09256314247659594
0.37951853952870374
-0.06648261111252353
-0.11987095470251036
-0.09576463402283493
-0.13466240930136558
-0.06752038987934929
-0.184926079231733
0.09725277653121048
-0.3269293029103292
-0.22898830178649437
-0.3449598704787766
-0.35058757727285966
-0.3873068898640182
-0.4239187042575297
-0.15760972800118994
-0.3346186091856691
-0.3138466197549945
-0.36388297456910734
-0.49149087180933126
-0.5360042180650616
-0.35433330662447243
0.05384134656229776
-0.3170834669332111
-0.31528806574924956
-0.4341772523938297
-0.5088529365682265
-0.4434435503097679
-0.1356422067240731
0.03444500636269671
0.8642507132139603
0.7245820068360671
0.556402392077561
0.19940431712777945
-0.3829395874638876
-0.7464318303528695
-0.2133826193980627
0.8498395302995669
0.7468428180032906
0.5263606921623392
0.19468527767924546
-0.39474616796128975
-0.76449297230589
-0.21189693311931598
0.8675012062201318
0.7599447378373991
0.5800079331693643
0.2391086947317547
-0.433076925360268
-0.7591062883510264
-0.21473780604338272
0.8046006973971458
0.7365353364218681
0.5644117989027884
0.19882446496375505
-0.4457749814507801
-0.7550029096039331
-0.2155111191228219
0.8036710351310735
0.7577138515866383
0.5196309708024908
0.18969381340456057
-0.4584768997395141
-0.7598476806087129
-0.2129432888233038
0.787914938802201
0.7462385904520629
0.5317584195468289
0.18779628525385642
-0.41356429603002987
-0.7445224987546372
-0.21133595818102047
0.8678024938325893
0.6833501332837439
0.5016233047510343
0.21211668789731153
-0.4278919211755769
-0.7291442185452455
-0.20696776691297664
0.46032794519211423
0.4491536210976761
0.34329934833445225
0.2535322272277366
0.08457745630469041
-0.13721084615199142
-0.13312603627349304
0.49558156730000635
0.43392909228247983
0.3434752790626727
0.2634703664776081
0.05232755001244378
-0.14249878840977803
-0.13524604607506013
0.4747906997769752
0.38616500090974365
0.3187918390844833
0.2139971117651374
0.02087141995255824
-0.17044718180575938
-0.14265301984591738
0.39953934007286407
0.37522927344062673
0.2988002076178338
0.13956949833944446
-0.02485853684388099
-0.21342403650429284
-0.18079973331093108
0.4173068235621768
0.3511740231544428
0.28580448414565124
0.10939777470962335
-0.08118009409883876
-0.2579631569917029
-0.23140227283180678
0.4089683299602462
0.3583777212113824
0.2486260359653905
0.08698779385653309
-0.12240823680308001
-0.2691371789513354
-0.20589351269376116
0.3806079300771894
0.3217269146344659
0.2125591760974167
0.0378311565917766
-0.14288675728457592
-0.25944882634622324
-0.09032502845189794
0.12740924293571623
0.23625096632891932
0.5123033153145365
0.3768486324857886
-0.3094774375487256
-1.589819511800087
-1.758076425929424
0.2717570503385542
0.43889268556938815
0.6607195650032432
0.4891159852314102
-0.23191493812410133
-1.4768141248957178
-1.641819432543575
0.5072395379224477
0.5665505217001644
0.8734507356347578
0.6219931862281205
0.004713958309171257
-1.2528249326043581
-1.4533259683771378
0.7475473426989248
0.7071592559838698
0.9446529070435585
0.9639445382167207
0.28607216859216156
-1.0568686565732832
-1.2302805840162125
0.5522452588585213
0.8087579645541053
0.8750723671608319
0.8906469665512482
0.39881816504012424
-0.8708366920367066
-1.051758600856952
0.44743014992439223
0.6204766612145908
0.7626189521197142
0.7343472828187979
0.4199613632521116
-0.9529702348965322
-1.2630086209723013
0.23155788591745072
0.3928688296561189
0.5053113040930671
0.6023719349443761
0.2931219480220447
-1.2215313749595957
-1.6736140525877936
2.477833302037944
2.3832899025130767
2.266461756266622
2.052422813901547
1.6419540840416842
1.0842876059132112
0.4949703717530292
2.326710894288686
2.2715060888485508
2.1965945581134494
1.9493388355778432
1.5520703725350675
1.020110672582271
0.4303647845788839
2.2287018691909894
2.142181518213043
2.012809642659627
1.7898754939872443
1.4065317211944213
0.9300084685612338
0.3230472708572766
2.1682124793174653
2.0344394339834384
1.933938450079361
1.6544162670634912
1.2891290370250101
0.8316351500756243
0.2442006617793749
2.0840230751345534
2.007885388018609
1.8292911016469824
1.5646573705897033
1.2041362777454723
0.7803320125353953
0.25355549018103496
2.0285423978822643
1.954868963107011
1.7432561718006736
1.491763348463971
1.1413627714412642
0.7670391437859785
0.30738699544402903
1.807920637362451
1.6822830699006939
1.493959436805761
1.240678076424836
0.926079251422431
0.5951379752516825
0.20216729030506786
-0.41593487722750244
-0.4660249230648462
-0.41940532057210234
-0.5047809353965481
-0.6797496441332619
-0.8147558555524148
-0.7192120402304365
-0.3789455756346091
-0.39255313121448604
-0.34292272453670036
-0.5076309177115537
-0.6031728839842094
-0.6370804296741736
-0.6988497565080919
-0.3079637575493157
-0.24896723608541407
-0.28344512193706095
-0.3831381009142505
-0.5307458062924174
-0.5636317018240733
-0.6290011601154
-0.24003067875974696
-0.23051248156957277
-0.2635854908149553
-0.3352698426983229
-0.4075802237434649
-0.533010059698088
-0.548630372516281
-0.26465476512385694
-0.1838171816785834
-0.23980637118715173
-0.3574805100440377
-0.4457548098921062
-0.44673068963123885
-0.3893867532136665
-0.32288402880745287
-0.2690984140090357
-0.3093314435486962
-0.3558212078968765
-0.3850868944901194
-0.5311458833498638
-0.4717034804712583
-0.4111456380793613
-0.3660529929250532
-0.45985619606309186
-0.39241189764087697
-0.47704515137043574
-0.6080316289865536
-0.2726272173099578
